2.33487e-16	1	6.12323e-17	-9.4698e-33	-6.12323e-17	1	1	-2.33487e-16	3.55679e-33	-0.2981	-0.1529	0.6789	
0.00623902	0.999435	0.0330365	-0.0253218	-0.0328686	0.999139	0.99966	-0.00707019	0.0251024	-0.295896	-0.150513	0.682821	
0.0107989	0.997762	0.0659837	-0.0510089	-0.0653519	0.996558	0.99864	-0.0141275	0.050189	-0.293795	-0.148166	0.686711	
0.0136655	0.995019	0.0987432	-0.0769585	-0.0974129	0.992264	0.996941	-0.0211589	0.075244	-0.291796	-0.145859	0.690565	
0.014831	0.991243	0.131218	-0.103068	-0.129017	0.986272	0.994564	-0.0281517	0.100252	-0.289902	-0.143588	0.694381	
0.0142937	0.986471	0.16331	-0.129233	-0.160134	0.978599	0.991511	-0.0350929	0.125196	-0.288111	-0.141352	0.698154	
0.0120581	0.980744	0.194925	-0.155353	-0.190734	0.969271	0.987785	-0.0419697	0.150062	-0.286424	-0.139148	0.701882	
0.00813498	0.974101	0.225968	-0.181325	-0.220792	0.958317	0.98339	-0.0487696	0.174833	-0.284841	-0.136975	0.70556	
0.00254087	0.966581	0.256348	-0.207049	-0.250286	0.945774	0.978327	-0.0554797	0.199494	-0.283363	-0.134829	0.709185	
-0.00470157	0.958225	0.285975	-0.232426	-0.279194	0.931681	0.972603	-0.0620876	0.224029	-0.281988	-0.132708	0.712753	
-0.0135639	0.949074	0.314762	-0.257358	-0.307499	0.916085	0.966221	-0.0685809	0.248423	-0.280718	-0.130611	0.716263	
-0.0240121	0.939166	0.342624	-0.281752	-0.335187	0.899036	0.959187	-0.0749472	0.272661	-0.279551	-0.128536	0.719708	
-0.0360065	0.928541	0.369479	-0.305515	-0.362246	0.88059	0.951506	-0.0811744	0.296726	-0.278487	-0.126479	0.723088	
-0.0495023	0.917239	0.39525	-0.328557	-0.388665	0.860808	0.943186	-0.0872503	0.320605	-0.277525	-0.12444	0.726397	
-0.0644495	0.905297	0.419862	-0.350793	-0.414438	0.839753	0.934233	-0.0931632	0.344282	-0.276666	-0.122415	0.729633	
-0.0807931	0.892752	0.443245	-0.37214	-0.43956	0.817496	0.924654	-0.0989014	0.367742	-0.275907	-0.120403	0.732792	
-0.0984738	0.879641	0.465333	-0.392519	-0.464027	0.794108	0.914457	-0.104453	0.390971	-0.275248	-0.118402	0.735872	
-0.117427	0.865999	0.486062	-0.411856	-0.48784	0.769667	0.903651	-0.109808	0.413953	-0.274689	-0.116409	0.738868	
-0.137586	0.85186	0.505376	-0.430079	-0.511	0.744252	0.892245	-0.114953	0.436674	-0.274227	-0.114423	0.741778	
-0.158878	0.837255	0.523222	-0.447124	-0.53351	0.717947	0.880249	-0.119879	0.45912	-0.273862	-0.112442	0.744598	
-0.181228	0.822217	0.539552	-0.462928	-0.555375	0.690837	0.867672	-0.124575	0.481277	-0.273592	-0.110463	0.747326	
-0.204557	0.806773	0.554323	-0.477436	-0.576601	0.663013	0.854524	-0.12903	0.50313	-0.273416	-0.108485	0.749957	
-0.228783	0.790952	0.567497	-0.490596	-0.597197	0.634564	0.840817	-0.133234	0.524666	-0.273332	-0.106506	0.75249	
-0.253823	0.774779	0.579043	-0.502362	-0.61717	0.605585	0.826563	-0.137178	0.545872	-0.273339	-0.104524	0.754922	
-0.279591	0.758279	0.588933	-0.512694	-0.636533	0.576169	0.811772	-0.140851	0.566734	-0.273435	-0.102537	0.757248	
-0.305997	0.741473	0.597146	-0.521557	-0.655295	0.546413	0.796457	-0.144245	0.587239	-0.273618	-0.100544	0.759466	
-0.332953	0.724382	0.603667	-0.52892	-0.673468	0.516415	0.780631	-0.14735	0.607373	-0.273886	-0.098543	0.761575	
-0.360367	0.707023	0.608485	-0.534761	-0.691065	0.486272	0.764308	-0.150158	0.627125	-0.274237	-0.0965324	0.763569	
-0.388147	0.689414	0.611596	-0.53906	-0.708098	0.456083	0.7475	-0.15266	0.646482	-0.27467	-0.0945107	0.765448	
-0.416201	0.671569	0.613002	-0.541805	-0.724581	0.425946	0.730222	-0.154848	0.665431	-0.275181	-0.0924764	0.767208	
-0.444437	0.6535	0.61271	-0.542989	-0.740526	0.395961	0.712488	-0.156715	0.68396	-0.275768	-0.090428	0.768847	
-0.472763	0.635218	0.610732	-0.54261	-0.755946	0.366223	0.694312	-0.158253	0.702059	-0.27643	-0.0883642	0.770361	
-0.501086	0.616732	0.607087	-0.540674	-0.770854	0.336831	0.67571	-0.159455	0.719715	-0.277163	-0.0862838	0.77175	
-0.529316	0.598048	0.6018	-0.537189	-0.785263	0.30788	0.656698	-0.160315	0.736917	-0.277966	-0.0841854	0.773009	
-0.557363	0.579173	0.594899	-0.532172	-0.799183	0.279464	0.637291	-0.160826	0.753655	-0.278835	-0.082068	0.774137	
-0.58514	0.560111	0.586419	-0.525642	-0.812626	0.251674	0.617505	-0.160982	0.769917	-0.279768	-0.0799304	0.775132	
-0.61256	0.540862	0.576401	-0.517625	-0.825602	0.224601	0.597356	-0.160778	0.785694	-0.280762	-0.0777717	0.775991	
-0.639539	0.521429	0.564891	-0.508153	-0.83812	0.198332	0.576862	-0.16021	0.800976	-0.281815	-0.0755908	0.776712	
-0.665997	0.50181	0.551937	-0.49726	-0.850188	0.172952	0.55604	-0.159271	0.815753	-0.282923	-0.0733871	0.777293	
-0.691854	0.482004	0.537597	-0.484988	-0.861813	0.148542	0.534906	-0.157958	0.830015	-0.284083	-0.0711596	0.777732	
-0.717036	0.462008	0.521928	-0.471381	-0.873	0.125181	0.513478	-0.156268	0.843754	-0.285293	-0.0689077	0.778028	
-0.741469	0.441818	0.504996	-0.456489	-0.883754	0.102943	0.491774	-0.154196	0.856961	-0.28655	-0.0666307	0.778177	
-0.765086	0.421429	0.486869	-0.440364	-0.894076	0.0818987	0.469812	-0.15174	0.869627	-0.28785	-0.0643282	0.778179	
-0.787821	0.400837	0.467619	-0.423063	-0.903969	0.062115	0.447611	-0.148897	0.881745	-0.289191	-0.0619997	0.778032	
-0.809614	0.380036	0.447322	-0.404648	-0.91343	0.0436541	0.425188	-0.145665	0.893307	-0.290568	-0.0596448	0.777734	
-0.830409	0.359019	0.426059	-0.385181	-0.922458	0.0265739	0.402562	-0.142042	0.904305	-0.29198	-0.0572631	0.777284	
-0.850153	0.33778	0.403911	-0.364729	-0.931049	0.0109275	0.379752	-0.138028	0.914733	-0.293422	-0.0548547	0.776679	
-0.868799	0.316312	0.380965	-0.343362	-0.939197	-0.003237	0.356777	-0.133621	0.924584	-0.294892	-0.0524192	0.77592	
-0.886304	0.294611	0.357308	-0.321152	-0.946895	-0.0158764	0.333656	-0.128821	0.933852	-0.296385	-0.0499567	0.775004	
-0.90263	0.272669	0.333032	-0.298171	-0.954132	-0.0269529	0.310408	-0.123629	0.94253	-0.2979	-0.0474673	0.77393	
-0.917744	0.250481	0.30823	-0.274495	-0.960898	-0.0364339	0.287051	-0.118045	0.950614	-0.299432	-0.0449512	0.772698	
-0.931617	0.228042	0.282995	-0.250202	-0.96718	-0.0442921	0.263607	-0.112069	0.958098	-0.300978	-0.0424085	0.771305	
-0.944227	0.205349	0.257424	-0.225368	-0.972964	-0.050506	0.240093	-0.105704	0.964978	-0.302534	-0.0398396	0.769752	
-0.955555	0.182398	0.231613	-0.200073	-0.978233	-0.0550596	0.216529	-0.098952	0.971249	-0.304098	-0.0372449	0.768037	
-0.965589	0.159188	0.205661	-0.174395	-0.98297	-0.0579425	0.192934	-0.0918148	0.976907	-0.305666	-0.034625	0.76616	
-0.974321	0.135718	0.179665	-0.148413	-0.987155	-0.0591501	0.169329	-0.0842957	0.981948	-0.307234	-0.0319804	0.76412	
-0.981747	0.111988	0.153723	-0.122206	-0.990768	-0.0586833	0.145732	-0.0763981	0.98637	-0.308799	-0.0293119	0.761916	
-0.987871	0.0880021	0.127934	-0.0958526	-0.993788	-0.056549	0.122163	-0.0681259	0.990169	-0.310357	-0.0266203	0.759547	
-0.992698	0.063763	0.102395	-0.0694294	-0.996191	-0.0527594	0.098641	-0.0594834	0.993344	-0.311906	-0.0239064	0.757015	
-0.996241	0.0392772	0.0772024	-0.0430127	-0.997953	-0.0473327	0.0751853	-0.0504755	0.995891	-0.313442	-0.0211712	0.754317	
-0.997471	0.0216283	0.067704	-0.0246308	-0.998735	-0.0438327	0.0666703	-0.0453894	0.996742	-0.313021	-0.0158106	0.754777	
-0.99827	0.00384031	0.0586711	-0.00616629	-0.9992	-0.039515	0.0584724	-0.0398084	0.997495	-0.312475	-0.0104117	0.755195	
-0.998642	-0.0140884	0.0501592	0.0123695	-0.999331	-0.0344152	0.0506105	-0.033748	0.998148	-0.311803	-0.00497879	0.75557	
-0.998591	-0.0321576	0.0422216	0.0309664	-0.999112	-0.0285725	0.0431029	-0.0272248	0.9987	-0.311002	0.000483899	0.755901	
-0.998121	-0.0503654	0.0349091	0.0496154	-0.998525	-0.0220291	0.0359671	-0.0202557	0.999148	-0.310069	0.00597195	0.756189	
-0.997236	-0.0687076	0.0282697	0.068309	-0.997554	-0.0148306	0.0292195	-0.0128585	0.99949	-0.309003	0.0114808	0.756433	
-0.995942	-0.0871779	0.0223487	0.0870411	-0.99618	-0.00702542	0.0228758	-0.00505166	0.999726	-0.307801	0.0170059	0.756631	
-0.995839	-0.0874232	0.0257221	0.087212	-0.996147	-0.00922358	0.0264293	-0.00694193	0.999627	-0.306397	0.0169936	0.756548	
-0.994623	-0.101341	0.0213342	0.101188	-0.994834	-0.0081501	0.0220499	-0.00594752	0.999739	-0.301072	0.018367	0.752197	
-0.993198	-0.115196	0.0169784	0.115094	-0.993331	-0.00689252	0.0176592	-0.00489152	0.999832	-0.295816	0.0195675	0.747747	
-0.991566	-0.128985	0.0126608	0.128925	-0.991639	-0.00544964	0.0132579	-0.00377138	0.999905	-0.290634	0.0205993	0.743198	
-0.98973	-0.142704	0.00838752	0.142676	-0.989762	-0.00382043	0.00884684	-0.0025845	0.999958	-0.285532	0.021467	0.738551	
-0.987693	-0.156348	0.00416504	0.15634	-0.987701	-0.00200409	0.00442715	-0.00132826	0.999989	-0.280514	0.0221752	0.733807	
-0.985459	-0.169913	-1.83012e-12	0.169913	-0.985459	3.44435e-12	-2.3888e-12	3.08342e-12	1	-0.275586	0.0227286	0.728966	
