0.835714	0.412443	-0.362592	0.547938	-0.582133	0.600737	0.0366927	-0.700722	-0.71249	-0.0795338	0.638301	1.23115	
0.809927	0.391471	-0.43677	0.586425	-0.55459	0.590369	-0.0111157	-0.734289	-0.678746	-0.0937011	0.626776	1.2389	
0.778109	0.368628	-0.508586	0.625418	-0.529832	0.572827	-0.0583051	-0.763801	-0.642813	-0.106223	0.613753	1.24663	
0.740195	0.344565	-0.577396	0.664223	-0.508151	0.54826	-0.104493	-0.789339	-0.605	-0.116987	0.599378	1.25425	
0.696222	0.319955	-0.642576	0.702124	-0.489749	0.516883	-0.149322	-0.811033	-0.565622	-0.125892	0.58381	1.26167	
0.646327	0.295471	-0.703533	0.738389	-0.474731	0.47897	-0.192467	-0.829052	-0.525004	-0.132855	0.567219	1.2688	
0.59075	0.271783	-0.759703	0.772288	-0.463107	0.43486	-0.233636	-0.843603	-0.483475	-0.13781	0.549784	1.27554	
