-1	5.56395e-07	5.98377e-06	-5.56393e-07	-1	2.56179e-07	5.98377e-06	2.56176e-07	1	-0.7569	0.0285003	0.562011	
-1	-2.67457e-05	0.000157391	2.67054e-05	-1	-0.000256451	0.000157398	-0.000256446	1	-0.756921	0.0284546	0.562121	
-1	-0.000102408	0.000447449	0.000102002	-1	-0.000906626	0.000447542	-0.00090658	0.999999	-0.756973	0.0283342	0.562232	
-1	-0.000214975	0.000841105	0.000213415	-0.999998	-0.0018548	0.000841502	-0.00185462	0.999998	-0.75705	0.0281572	0.562344	
-0.999999	-0.000355038	0.00130932	0.000351079	-0.999995	-0.0030224	0.00131039	-0.00302193	0.999995	-0.757145	0.0279385	0.562456	
-0.999998	-0.000514855	0.00182817	0.000506908	-0.99999	-0.00434496	0.00183039	-0.00434403	0.999989	-0.757253	0.0276906	0.56257	
-0.999997	-0.000688058	0.00237808	0.000674327	-0.999983	-0.00576985	0.00238201	-0.00576823	0.999981	-0.757369	0.0274236	0.562684	
-0.999995	-0.000869417	0.00294316	0.000848048	-0.999973	-0.00725428	0.00294939	-0.00725175	0.999969	-0.75749	0.0271456	0.562798	
-0.999993	-0.00105465	0.00351063	0.00102385	-0.999961	-0.00876368	0.00351973	-0.00876002	0.999955	-0.757614	0.0268632	0.562914	
-0.999991	-0.00124028	0.00407032	0.00119842	-0.999947	-0.0102703	0.00408284	-0.0102654	0.999939	-0.757738	0.0265819	0.56303	
-0.999988	-0.00142347	0.00461427	0.00136916	-0.99993	-0.0117522	0.00463068	-0.0117458	0.99992	-0.757861	0.0263057	0.563147	
-0.999986	-0.00160198	0.00513635	0.00153411	-0.999912	-0.0131921	0.00515703	-0.013184	0.9999	-0.757981	0.026038	0.563264	
-0.999983	-0.00177404	0.00563198	0.00169178	-0.999892	-0.0145766	0.00565723	-0.0145668	0.999878	-0.758096	0.0257814	0.563383	
-0.99998	-0.00193825	0.00609782	0.00184111	-0.999872	-0.0158956	0.00612785	-0.0158841	0.999855	-0.758207	0.0255376	0.563502	
-0.999976	-0.00209359	0.00653161	0.00198136	-0.999851	-0.0171417	0.00656653	-0.0171284	0.999832	-0.758313	0.0253081	0.563623	
-0.999973	-0.00223928	0.00693194	0.00211204	-0.99983	-0.0183096	0.00697176	-0.0182945	0.999808	-0.758412	0.0250939	0.563744	
-0.999971	-0.00237482	0.00729808	0.00223288	-0.999809	-0.019396	0.00734275	-0.0193792	0.999785	-0.758505	0.0248955	0.563867	
-0.999968	-0.00249987	0.0076299	0.00234378	-0.999789	-0.0203989	0.00767928	-0.0203803	0.999763	-0.758592	0.0247131	0.563991	
-0.999965	-0.00261428	0.00792768	0.00244477	-0.99977	-0.0213174	0.00798158	-0.0212973	0.999741	-0.758672	0.024547	0.564116	
-0.999963	-0.00271801	0.00819208	0.00253596	-0.999751	-0.0221518	0.00825025	-0.0221302	0.999721	-0.758746	0.024397	0.564242	
-0.999961	-0.00281116	0.00842402	0.00261758	-0.999734	-0.0229031	0.00848617	-0.0228801	0.999702	-0.758813	0.0242628	0.56437	
-0.999959	-0.00289388	0.00862464	0.00268987	-0.999719	-0.0235727	0.00869043	-0.0235485	0.999685	-0.758873	0.0241441	0.564498	
-0.999957	-0.00296642	0.00879521	0.00275314	-0.999704	-0.0241627	0.00886428	-0.0241374	0.999669	-0.758927	0.0240405	0.564629	
-0.999955	-0.00302906	0.0089371	0.00280773	-0.999692	-0.0246753	0.00900909	-0.0246491	0.999656	-0.758975	0.0239513	0.56476	
-0.999954	-0.00308216	0.00905176	0.00285398	-0.999681	-0.0251133	0.00912628	-0.0250863	0.999644	-0.759016	0.0238761	0.564893	
-0.999953	-0.00312606	0.00914068	0.00289226	-0.999671	-0.0254794	0.00921732	-0.0254518	0.999634	-0.759052	0.0238143	0.565027	
-0.999953	-0.00316115	0.00920533	0.00292294	-0.999663	-0.0257765	0.00928371	-0.0257484	0.999625	-0.759082	0.0237653	0.565162	
-0.999952	-0.00318783	0.00924718	0.00294638	-0.999657	-0.0260076	0.00932692	-0.0259791	0.999619	-0.759106	0.0237284	0.565299	
-0.999952	-0.00320649	0.00926767	0.00296294	-0.999653	-0.0261756	0.00934839	-0.0261469	0.999614	-0.759125	0.0237031	0.565437	
-0.999952	-0.00321756	0.00926822	0.00297297	-0.99965	-0.0262836	0.00934954	-0.0262548	0.999612	-0.759138	0.0236887	0.565577	
-0.999952	-0.00322142	0.00925016	0.00297683	-0.999649	-0.0263345	0.00933174	-0.0263057	0.99961	-0.759147	0.0236846	0.565718	
-0.999952	-0.00321846	0.00921479	0.00297484	-0.999649	-0.0263312	0.0092963	-0.0263025	0.999611	-0.759151	0.0236904	0.56586	
-0.999953	-0.00320908	0.00916335	0.00296732	-0.99965	-0.0262765	0.00924446	-0.026248	0.999613	-0.75915	0.0237053	0.566003	
-0.999954	-0.00319365	0.00909699	0.00295458	-0.999653	-0.0261731	0.00917742	-0.026145	0.999616	-0.759145	0.023729	0.566148	
-0.999954	-0.00317252	0.00901681	0.00293691	-0.999657	-0.0260237	0.00909628	-0.0259961	0.999621	-0.759136	0.0237608	0.566293	
-0.999955	-0.00314604	0.00892385	0.0029146	-0.999662	-0.0258309	0.0090021	-0.0258038	0.999626	-0.759123	0.0238002	0.566441	
-0.999956	-0.00311455	0.00881906	0.0028879	-0.999668	-0.0255971	0.00889586	-0.0255705	0.999633	-0.759106	0.0238469	0.566589	
-0.999957	-0.00307835	0.00870334	0.00285706	-0.999675	-0.0253245	0.00877847	-0.0252986	0.999641	-0.759086	0.0239004	0.566738	
-0.999959	-0.00303775	0.00857752	0.00282233	-0.999683	-0.0250155	0.00865079	-0.0249902	0.99965	-0.759062	0.0239602	0.566889	
-0.99996	-0.00299303	0.00844235	0.00278393	-0.999692	-0.0246721	0.0085136	-0.0246476	0.99966	-0.759035	0.024026	0.567041	
-0.999961	-0.00294446	0.00829856	0.00274206	-0.999701	-0.0242963	0.00836762	-0.0242726	0.99967	-0.759005	0.0240974	0.567194	
-0.999963	-0.00289229	0.00814678	0.00269692	-0.999711	-0.0238901	0.00821352	-0.0238672	0.999681	-0.758972	0.024174	0.567348	
-0.999964	-0.00283675	0.0079876	0.00264871	-0.999721	-0.0234552	0.00805191	-0.0234332	0.999693	-0.758937	0.0242555	0.567504	
-0.999966	-0.00277808	0.00782157	0.00259759	-0.999732	-0.0229933	0.00788335	-0.0229722	0.999705	-0.758898	0.0243416	0.56766	
-0.999967	-0.00271649	0.00764916	0.00254372	-0.999743	-0.022506	0.00770834	-0.0224858	0.999717	-0.758858	0.0244321	0.567818	
-0.999969	-0.00265216	0.00747083	0.00248727	-0.999755	-0.0219949	0.00752733	-0.0219757	0.99973	-0.758815	0.0245266	0.567977	
-0.99997	-0.00258529	0.00728696	0.00242837	-0.999767	-0.0214614	0.00734075	-0.0214431	0.999743	-0.758769	0.024625	0.568137	
-0.999972	-0.00251603	0.00709792	0.00236715	-0.999779	-0.0209068	0.00714895	-0.0208894	0.999756	-0.758722	0.0247269	0.568298	
-0.999973	-0.00244457	0.00690402	0.00230374	-0.999791	-0.0203323	0.00695228	-0.0203158	0.999769	-0.758673	0.0248321	0.56846	
-0.999975	-0.00237103	0.00670555	0.00223826	-0.999803	-0.0197392	0.00675102	-0.0197236	0.999783	-0.758622	0.0249406	0.568623	
-0.999976	-0.00229557	0.00650274	0.00217081	-0.999815	-0.0191284	0.00654545	-0.0191139	0.999796	-0.758569	0.025052	0.568787	
-0.999978	-0.00221831	0.00629583	0.00210149	-0.999827	-0.0185012	0.00633578	-0.0184876	0.999809	-0.758515	0.0251663	0.568953	
-0.999979	-0.00213937	0.006085	0.0020304	-0.999838	-0.0178584	0.00612222	-0.0178457	0.999822	-0.758459	0.0252832	0.569119	
-0.999981	-0.00205886	0.00587041	0.00195761	-0.99985	-0.017201	0.00590494	-0.0171892	0.999835	-0.758402	0.0254026	0.569287	
-0.999982	-0.00197689	0.0056522	0.00188322	-0.999862	-0.0165298	0.0056841	-0.0165188	0.999847	-0.758343	0.0255244	0.569455	
-0.999983	-0.00189356	0.00543049	0.00180729	-0.999873	-0.0158456	0.00545981	-0.0158355	0.99986	-0.758283	0.0256484	0.569625	
-0.999985	-0.00180894	0.00520538	0.0017299	-0.999884	-0.0151491	0.00523218	-0.0151398	0.999872	-0.758222	0.0257746	0.569795	
-0.999986	-0.00172313	0.00497695	0.0016511	-0.999894	-0.014441	0.0050013	-0.0144326	0.999883	-0.75816	0.0259028	0.569967	
-0.999987	-0.0016362	0.00474524	0.00157095	-0.999905	-0.013722	0.00476724	-0.0137144	0.999895	-0.758097	0.026033	0.57014	
-0.999989	-0.00154823	0.00451032	0.00148951	-0.999914	-0.0129927	0.00453005	-0.0129859	0.999905	-0.758033	0.026165	0.570314	
-0.99999	-0.00145928	0.00427222	0.00140683	-0.999924	-0.0122537	0.00428977	-0.0122475	0.999916	-0.757968	0.0262988	0.570488	
-0.999991	-0.0013694	0.00403094	0.00132294	-0.999933	-0.0115054	0.00404643	-0.0114999	0.999926	-0.757902	0.0264342	0.570664	
-0.999992	-0.00127866	0.00378651	0.0012379	-0.999941	-0.0107483	0.00380003	-0.0107435	0.999935	-0.757835	0.0265714	0.570841	
-0.999993	-0.00118712	0.0035389	0.00115174	-0.99995	-0.00998296	0.00355058	-0.00997882	0.999944	-0.757768	0.02671	0.571019	
-0.999994	-0.00109481	0.00328813	0.00106448	-0.999957	-0.00920975	0.00329807	-0.00920619	0.999952	-0.7577	0.0268502	0.571198	
-0.999995	-0.00100178	0.00303415	0.000976173	-0.999964	-0.00842905	0.00304248	-0.00842605	0.99996	-0.757632	0.0269919	0.571377	
-0.999996	-0.000908077	0.00277695	0.000886835	-0.99997	-0.00764124	0.0027838	-0.00763875	0.999967	-0.757563	0.0271349	0.571558	
-0.999997	-0.000813739	0.00251648	0.000796493	-0.999976	-0.00684666	0.00252199	-0.00684463	0.999973	-0.757493	0.0272794	0.57174	
-0.999997	-0.000952335	0.0024298	0.000936337	-0.999978	-0.00657659	0.00243601	-0.00657429	0.999975	-0.75747	0.027317	0.571787	
-0.999996	-0.00114295	0.00242834	0.00112704	-0.999978	-0.0065406	0.00243576	-0.00653784	0.999976	-0.757467	0.0273099	0.571773	
-0.999996	-0.00128482	0.00243196	0.00126899	-0.999978	-0.0065014	0.00244026	-0.00649829	0.999976	-0.757463	0.0273062	0.571761	
-0.999996	-0.00138661	0.00243892	0.00137083	-0.999978	-0.00645888	0.00244782	-0.00645551	0.999976	-0.757458	0.0273054	0.571749	
-0.999996	-0.00145555	0.00244784	0.00143982	-0.999978	-0.00641298	0.00245712	-0.00640943	0.999976	-0.757452	0.0273072	0.571739	
-0.999996	-0.0014977	0.00245759	0.00148204	-0.999979	-0.00636365	0.00246707	-0.00635998	0.999977	-0.757446	0.0273112	0.571729	
-0.999996	-0.00151813	0.0024673	0.00150254	-0.999979	-0.00631089	0.00247682	-0.00630715	0.999977	-0.757439	0.0273172	0.57172	
-0.999996	-0.00152107	0.00247625	0.00150556	-0.999979	-0.00625467	0.00248571	-0.00625092	0.999977	-0.757432	0.0273248	0.571712	
-0.999996	-0.00151003	0.0024839	0.00149462	-0.99998	-0.00619503	0.0024932	-0.00619129	0.999978	-0.757424	0.027334	0.571705	
-0.999996	-0.00148793	0.00248983	0.00147264	-0.99998	-0.00613198	0.00249891	-0.00612828	0.999978	-0.757416	0.0273445	0.571699	
-0.999996	-0.00145719	0.00249374	0.00144204	-0.999981	-0.00606555	0.00250253	-0.00606193	0.999978	-0.757408	0.0273562	0.571694	
-0.999996	-0.00141981	0.00249538	0.00140483	-0.999981	-0.00599578	0.00250385	-0.00599225	0.999979	-0.7574	0.0273689	0.57169	
-0.999996	-0.00137745	0.0024946	0.00136266	-0.999982	-0.00592272	0.00250271	-0.0059193	0.999979	-0.757391	0.0273826	0.571687	
-0.999996	-0.00133146	0.00249129	0.00131687	-0.999982	-0.00584641	0.00249903	-0.00584311	0.99998	-0.757382	0.0273972	0.571685	
-0.999996	-0.00128294	0.00248539	0.00126859	-0.999983	-0.0057669	0.00249274	-0.00576373	0.99998	-0.757373	0.0274126	0.571684	
-0.999996	-0.00123278	0.00247687	0.00121869	-0.999983	-0.00568423	0.00248383	-0.00568119	0.999981	-0.757364	0.0274287	0.571683	
-0.999996	-0.00118175	0.00246574	0.00116793	-0.999984	-0.00559844	0.00247231	-0.00559554	0.999981	-0.757355	0.0274454	0.571684	
-0.999996	-0.00113054	0.00245207	0.00111701	-0.999984	-0.00550946	0.00245826	-0.0055067	0.999982	-0.757345	0.0274627	0.571685	
-0.999996	-0.00107961	0.0024359	0.0010664	-0.999985	-0.00541729	0.00244171	-0.00541467	0.999982	-0.757336	0.0274805	0.571688	
-0.999997	-0.00102929	0.00241723	0.00101641	-0.999985	-0.00532196	0.00242267	-0.00531949	0.999983	-0.757326	0.0274988	0.571691	
-0.999997	-0.00097983	0.00239612	0.000967304	-0.999986	-0.0052235	0.0024012	-0.00522117	0.999983	-0.757316	0.0275176	0.571696	
-0.999997	-0.000931412	0.00237259	0.00091925	-0.999986	-0.00512194	0.00237733	-0.00511974	0.999984	-0.757306	0.0275369	0.571701	
-0.999997	-0.000884168	0.00234671	0.000872385	-0.999987	-0.00501729	0.00235111	-0.00501522	0.999985	-0.757296	0.0275567	0.571708	
-0.999997	-0.000838186	0.00231852	0.000826796	-0.999988	-0.00490958	0.00232261	-0.00490765	0.999985	-0.757286	0.027577	0.571715	
-0.999997	-0.00079352	0.00228809	0.000782533	-0.999988	-0.00479883	0.00229187	-0.00479703	0.999986	-0.757275	0.0275978	0.571724	
-0.999997	-0.000750195	0.00225548	0.000739622	-0.999989	-0.00468506	0.00225897	-0.00468338	0.999986	-0.757265	0.0276191	0.571733	
-0.999997	-0.000708212	0.00222074	0.000698062	-0.999989	-0.00456829	0.00222395	-0.00456673	0.999987	-0.757254	0.0276409	0.571744	
-0.999997	-0.000667556	0.00218394	0.000657836	-0.99999	-0.00444853	0.00218688	-0.00444708	0.999988	-0.757243	0.0276632	0.571755	
-0.999998	-0.000628196	0.00214512	0.000618912	-0.99999	-0.00432579	0.00214782	-0.00432445	0.999988	-0.757232	0.027686	0.571767	
-0.999998	-0.000590091	0.00210436	0.000581248	-0.999991	-0.00420009	0.00210682	-0.00419885	0.999989	-0.757221	0.0277093	0.571781	
-0.999998	-0.000553191	0.0020617	0.000544794	-0.999992	-0.00407143	0.00206394	-0.00407029	0.99999	-0.757209	0.0277331	0.571795	
-0.999998	-0.000517441	0.0020172	0.00050949	-0.999992	-0.00393981	0.00201922	-0.00393878	0.99999	-0.757197	0.0277575	0.571811	
-0.999998	-0.00048278	0.00197089	0.000475277	-0.999993	-0.00380525	0.00197272	-0.00380431	0.999991	-0.757186	0.0277824	0.571828	
-0.999998	-0.000449145	0.00192284	0.00044209	-0.999993	-0.00366776	0.00192447	-0.0036669	0.999991	-0.757174	0.0278078	0.571845	
-0.999998	-0.000416429	0.00187316	0.00040982	-0.999994	-0.00352715	0.00187462	-0.00352638	0.999992	-0.757161	0.0278337	0.571864	
-0.999998	-0.000433061	0.00182922	0.000426796	-0.999994	-0.00342414	0.0018307	-0.00342336	0.999992	-0.757154	0.0278516	0.571874	
-0.999998	-0.000483268	0.00179379	0.000477241	-0.999994	-0.00335906	0.00179541	-0.0033582	0.999993	-0.75715	0.0278619	0.571876	
-0.999998	-0.000516185	0.00175941	0.000510395	-0.999994	-0.00328969	0.0017611	-0.00328879	0.999993	-0.757145	0.0278736	0.571878	
-0.999998	-0.000545705	0.00172069	0.000540164	-0.999995	-0.00321923	0.00172243	-0.0032183	0.999993	-0.757142	0.0278857	0.571881	
-0.999998	-0.000573005	0.00167866	0.000567717	-0.999995	-0.00314866	0.00168046	-0.00314771	0.999994	-0.757139	0.0278979	0.571884	
-0.999998	-0.000595647	0.00163653	0.000590607	-0.999995	-0.00307841	0.00163835	-0.00307744	0.999994	-0.757137	0.0279102	0.571887	
-0.999999	-0.000614196	0.0015947	0.000609396	-0.999995	-0.00300873	0.00159654	-0.00300775	0.999994	-0.757135	0.0279224	0.571889	
-0.999999	-0.000629359	0.00155324	0.000624791	-0.999995	-0.00293976	0.00155509	-0.00293878	0.999994	-0.757133	0.0279345	0.571892	
-0.999999	-0.000641727	0.00151221	0.000637382	-0.999996	-0.0028716	0.00151405	-0.00287063	0.999995	-0.757131	0.0279465	0.571894	
-0.999999	-0.000650946	0.00147188	0.000646816	-0.999996	-0.00280427	0.00147369	-0.00280331	0.999995	-0.757134	0.0279537	0.571897	
-0.999999	-0.000639383	0.001437	0.000635449	-0.999996	-0.00273623	0.00143874	-0.00273531	0.999995	-0.757238	0.0278589	0.5719	
-0.999999	-0.00060441	0.00140838	0.000600651	-0.999996	-0.00266729	0.00140999	-0.00266644	0.999995	-0.757457	0.0276478	0.571902	
-0.999999	-0.000551116	0.0013848	0.000547517	-0.999996	-0.00259792	0.00138623	-0.00259716	0.999996	-0.757765	0.0273473	0.571904	
-0.999999	-0.000483841	0.00136521	0.000480387	-0.999997	-0.00252855	0.00136643	-0.00252789	0.999996	-0.758139	0.0269797	0.571906	
-0.999999	-0.000406268	0.00134874	0.00040295	-0.999997	-0.00245953	0.00134974	-0.00245898	0.999996	-0.758562	0.026563	0.571908	
-0.999999	-0.000321515	0.00133465	0.000318323	-0.999997	-0.00239114	0.00133541	-0.00239072	0.999996	-0.759018	0.0261123	0.57191	
-0.999999	-0.000232202	0.00132232	0.000229129	-0.999997	-0.00232365	0.00132286	-0.00232334	0.999996	-0.759495	0.0256395	0.571912	
-0.999999	-0.000140509	0.00131124	0.000137549	-0.999997	-0.00225724	0.00131155	-0.00225706	0.999997	-0.759984	0.0251547	0.571914	
-0.999999	-4.82344e-05	0.00130098	4.53824e-05	-0.999998	-0.00219207	0.00130109	-0.00219201	0.999997	-0.760477	0.0246656	0.571916	
-0.999999	4.31597e-05	0.00129121	-4.59077e-05	-0.999998	-0.00212827	0.00129112	-0.00212833	0.999997	-0.760967	0.0241785	0.571918	
-0.999999	0.000132502	0.00128164	-0.00013515	-0.999998	-0.00206594	0.00128136	-0.00206611	0.999997	-0.76145	0.0236985	0.57192	
-0.999999	0.000218873	0.00127205	-0.000221423	-0.999998	-0.00200514	0.00127161	-0.00200542	0.999997	-0.761921	0.0232293	0.571921	
-0.999999	0.000301569	0.00126227	-0.000304025	-0.999998	-0.00194592	0.00126168	-0.0019463	0.999997	-0.762378	0.022774	0.571923	
-0.999999	0.00038007	0.00125217	-0.000382434	-0.999998	-0.00188831	0.00125145	-0.00188879	0.999997	-0.762818	0.0223348	0.571925	
-0.999999	0.000453858	0.00124163	-0.000456133	-0.999998	-0.00183231	0.00124079	-0.00183288	0.999998	-0.76324	0.0219131	0.571926	
-0.999999	0.000522869	0.0012306	-0.000525056	-0.999998	-0.00177794	0.00122967	-0.00177858	0.999998	-0.763644	0.0215102	0.571928	
-0.999999	0.00058717	0.0012191	-0.000589273	-0.999998	-0.00172517	0.00121808	-0.00172589	0.999998	-0.764027	0.0211266	0.57193	
-0.999999	0.000646337	0.00120702	-0.000648357	-0.999998	-0.001674	0.00120593	-0.00167478	0.999998	-0.76439	0.0207628	0.571931	
-0.999999	0.000700766	0.00119442	-0.000702705	-0.999998	-0.00162439	0.00119328	-0.00162523	0.999998	-0.764733	0.0204189	0.571933	
-0.999999	0.000750174	0.00118126	-0.000752036	-0.999998	-0.00157633	0.00118007	-0.00157721	0.999998	-0.765057	0.0200945	0.571934	
-0.999999	0.000795066	0.00116761	-0.000796851	-0.999999	-0.00152977	0.00116639	-0.0015307	0.999998	-0.765361	0.0197896	0.571936	
-0.999999	0.000835196	0.00115342	-0.000836908	-0.999999	-0.00148468	0.00115218	-0.00148565	0.999998	-0.765645	0.0195036	0.571937	
-0.999999	0.00085925	0.00113622	-0.000860886	-0.999999	-0.00144068	0.00113498	-0.00144166	0.999998	-0.765912	0.019236	0.571939	
-0.999999	0.000865652	0.0011107	-0.000867191	-0.999999	-0.00138577	0.0011095	-0.00138674	0.999998	-0.76616	0.0189883	0.571957	
-0.999999	0.000887296	0.000986732	-0.000888369	-0.999999	-0.00108757	0.000985766	-0.00108845	0.999999	-0.766372	0.0188042	0.572293	
-0.999999	0.000931045	0.000753548	-0.000931434	-0.999999	-0.000516852	0.000753067	-0.000517553	1	-0.766546	0.018689	0.572992	
-0.999999	0.000990968	0.000438611	-0.000990855	-0.999999	0.000257615	0.000438866	0.00025718	1	-0.766689	0.018629	0.573967	
-0.999999	0.00106221	6.44408e-05	-0.00106213	-0.999999	0.00117945	6.56935e-05	0.00117938	0.999999	-0.766805	0.0186132	0.575149	
-0.999999	0.00114083	-0.000350574	-0.0011416	-0.999997	0.00220265	-0.000348061	0.00220305	0.999998	-0.7669	0.0186322	0.576479	
-0.999999	0.00122367	-0.000791498	-0.00122627	-0.999994	0.00328985	-0.000787468	0.00329082	0.999994	-0.766977	0.0186783	0.577911	
-0.999998	0.00130821	-0.00124627	-0.0013137	-0.999989	0.00441092	-0.00124049	0.00441255	0.999989	-0.767038	0.018745	0.579406	
-0.999998	0.00139249	-0.00170525	-0.00140192	-0.999984	0.00554176	-0.0016975	0.00554414	0.999983	-0.767088	0.0188269	0.580934	
-0.999997	0.00147497	-0.00216076	-0.00148934	-0.999977	0.00666325	-0.00215088	0.00666645	0.999975	-0.767126	0.0189196	0.582468	
-0.999995	0.00155451	-0.0026068	-0.0015747	-0.999969	0.00776044	-0.00259465	0.00776451	0.999966	-0.767157	0.0190194	0.58399	
-0.999994	0.00163024	-0.00303874	-0.00165699	-0.99996	0.00882181	-0.00302423	0.00882679	0.999956	-0.76718	0.0191233	0.585485	
-0.999995	0.000718353	-0.0031002	-0.000747508	-0.999955	0.00941328	-0.0030933	0.00941555	0.999951	-0.767154	0.0191203	0.586908	
-0.999995	-2.68192e-05	-0.00315965	-4.48305e-06	-0.999951	0.00990644	-0.00315976	0.0099064	0.999946	-0.767133	0.0191046	0.588278	
-0.999995	-0.000344017	-0.00324582	0.0003105	-0.999947	0.010321	-0.00324919	0.0103199	0.999941	-0.767121	0.019081	0.589589	
-0.999994	-0.000381164	-0.00336449	0.000345084	-0.999943	0.0107178	-0.00336838	0.0107166	0.999937	-0.767116	0.0190644	0.590843	
-0.999994	-0.000201338	-0.00350637	0.000162428	-0.999938	0.0110936	-0.00350839	0.011093	0.999932	-0.767114	0.0190534	0.592037	
-0.999993	8.21692e-05	-0.00365326	-0.000123932	-0.999935	0.011433	-0.00365208	0.0114334	0.999928	-0.767116	0.0190437	0.593167	
-0.999993	0.000114155	-0.00376559	-0.000158298	-0.999931	0.0117244	-0.00376399	0.0117249	0.999924	-0.767112	0.0190314	0.594232	
-0.999993	-1.33737e-05	-0.00385981	-3.29162e-05	-0.999928	0.0119925	-0.00385969	0.0119925	0.999921	-0.767105	0.0190223	0.595235	
-0.999992	-5.1395e-06	-0.00395847	-4.32517e-05	-0.999925	0.0122246	-0.00395823	0.0122246	0.999917	-0.767101	0.0190132	0.596174	
