-2.78821e-08	1	-3.56197e-08	-1	-2.78821e-08	3.31193e-08	3.31193e-08	3.56197e-08	1	-0.83	0.043	0.636	
0.000960632	0.999999	0.000631145	-0.999999	0.000959788	0.00133589	0.00133529	-0.000632427	0.999999	-0.832452	0.0427666	0.654899	
0.0019004	0.999997	0.00125838	-0.999995	0.00189701	0.00268819	0.0026858	-0.00126349	0.999996	-0.833705	0.0426969	0.67381	
0.00281908	0.999994	0.00188173	-0.999988	0.00281143	0.00405661	0.0040513	-0.00189314	0.99999	-0.833759	0.0427917	0.692671	
0.00371647	0.99999	0.00250123	-0.999978	0.00370282	0.00544084	0.00543153	-0.0025214	0.999982	-0.832617	0.0430514	0.711421	
0.00459238	0.999985	0.00311694	-0.999966	0.00457098	0.00684056	0.00682621	-0.00314825	0.999972	-0.830287	0.0434759	0.729997	
-3.06408e-09	1	-3.92387e-09	-1	-3.06408e-09	3.64309e-09	3.64309e-09	3.92387e-09	1	-0.83	0.043	0.736	
