8.45369e-08	-1	4.78312e-09	-0.995004	-8.45921e-08	-0.0998334	0.0998334	3.68037e-09	-0.995004	-0.7277	0.03294	0.766	
8.45369e-08	-1	4.78312e-09	-0.995004	-8.45921e-08	-0.0998334	0.0998334	3.68037e-09	-0.995004	-0.7277	0.0329399	0.766	
8.45369e-08	-1	4.78312e-09	-0.995004	-8.45921e-08	-0.0998334	0.0998334	3.68038e-09	-0.995004	-0.7277	0.0329396	0.766	
8.45369e-08	-1	4.78312e-09	-0.995004	-8.45921e-08	-0.0998334	0.0998334	3.68038e-09	-0.995004	-0.7277	0.0329392	0.766	
8.45369e-08	-1	4.78312e-09	-0.995004	-8.45921e-08	-0.0998334	0.0998334	3.68038e-09	-0.995004	-0.7277	0.0329386	0.766	
8.45369e-08	-1	4.78312e-09	-0.995004	-8.45921e-08	-0.0998334	0.0998334	3.68038e-09	-0.995004	-0.7277	0.0329378	0.766	
8.45369e-08	-1	4.78311e-09	-0.995004	-8.45921e-08	-0.0998334	0.0998334	3.68039e-09	-0.995004	-0.7277	0.0329369	0.766	
8.45369e-08	-1	4.78311e-09	-0.995004	-8.45921e-08	-0.0998334	0.0998334	3.68039e-09	-0.995004	-0.7277	0.0329358	0.76601	
8.45369e-08	-1	4.7831e-09	-0.995004	-8.45921e-08	-0.0998334	0.0998334	3.6804e-09	-0.995004	-0.7277	0.0329345	0.76601	
8.45369e-08	-1	4.78309e-09	-0.995004	-8.45921e-08	-0.0998334	0.0998334	3.68041e-09	-0.995004	-0.7277	0.0329331	0.76601	
8.45369e-08	-1	4.78307e-09	-0.995004	-8.45921e-08	-0.0998334	0.0998334	3.68043e-09	-0.995004	-0.7277	0.0329316	0.76601	
8.45369e-08	-1	4.78305e-09	-0.995004	-8.45921e-08	-0.0998334	0.0998334	3.68045e-09	-0.995004	-0.7277	0.0329299	0.76601	
8.45369e-08	-1	4.78303e-09	-0.995004	-8.45921e-08	-0.0998334	0.0998334	3.68047e-09	-0.995004	-0.7277	0.0329281	0.76602	
8.45369e-08	-1	4.78301e-09	-0.995004	-8.45921e-08	-0.0998334	0.0998334	3.6805e-09	-0.995004	-0.7277	0.0329262	0.76602	
8.4537e-08	-1	4.78298e-09	-0.995004	-8.45921e-08	-0.0998334	0.0998334	3.68053e-09	-0.995004	-0.7277	0.0329241	0.76602	
8.4537e-08	-1	4.78295e-09	-0.995004	-8.45921e-08	-0.0998334	0.0998334	3.68056e-09	-0.995004	-0.7277	0.0329219	0.76602	
8.4537e-08	-1	4.78291e-09	-0.995004	-8.45922e-08	-0.0998334	0.0998334	3.6806e-09	-0.995004	-0.7277	0.0329195	0.76603	
8.4537e-08	-1	4.78286e-09	-0.995004	-8.45922e-08	-0.0998334	0.0998334	3.68065e-09	-0.995004	-0.7277	0.0329171	0.76603	
8.45371e-08	-1	4.78281e-09	-0.995004	-8.45922e-08	-0.0998334	0.0998334	3.6807e-09	-0.995004	-0.7277	0.0329145	0.76603	
8.45371e-08	-1	4.78276e-09	-0.995004	-8.45922e-08	-0.0998334	0.0998334	3.68076e-09	-0.995004	-0.7277	0.0329118	0.76604	
8.45371e-08	-1	4.7827e-09	-0.995004	-8.45923e-08	-0.0998334	0.0998334	3.68082e-09	-0.995004	-0.7277	0.032909	0.76604	
8.45372e-08	-1	4.78263e-09	-0.995004	-8.45923e-08	-0.0998334	0.0998334	3.6809e-09	-0.995004	-0.7277	0.032906	0.76605	
8.45372e-08	-1	4.78255e-09	-0.995004	-8.45923e-08	-0.0998334	0.0998334	3.68097e-09	-0.995004	-0.7277	0.032903	0.76605	
8.45372e-08	-1	4.78247e-09	-0.995004	-8.45924e-08	-0.0998334	0.0998334	3.68106e-09	-0.995004	-0.7277	0.0328999	0.76606	
8.45373e-08	-1	4.78238e-09	-0.995004	-8.45924e-08	-0.0998334	0.0998334	3.68116e-09	-0.995004	-0.7277	0.0328966	0.76606	
8.45374e-08	-1	4.78228e-09	-0.995004	-8.45924e-08	-0.0998334	0.0998334	3.68126e-09	-0.995004	-0.7277	0.0328933	0.76607	
8.45374e-08	-1	4.78218e-09	-0.995004	-8.45925e-08	-0.0998334	0.0998334	3.68137e-09	-0.995004	-0.7277	0.0328899	0.76607	
8.45375e-08	-1	4.78206e-09	-0.995004	-8.45926e-08	-0.0998334	0.0998334	3.68149e-09	-0.995004	-0.7277	0.0328863	0.76608	
8.45375e-08	-1	4.78194e-09	-0.995004	-8.45926e-08	-0.0998334	0.0998334	3.68162e-09	-0.995004	-0.7277	0.0328827	0.76608	
8.45376e-08	-1	4.7818e-09	-0.995004	-8.45927e-08	-0.0998334	0.0998334	3.68176e-09	-0.995004	-0.7277	0.032879	0.76609	
8.45377e-08	-1	4.78166e-09	-0.995004	-8.45927e-08	-0.0998334	0.0998334	3.68191e-09	-0.995004	-0.7277	0.0328752	0.7661	
8.45378e-08	-1	4.78151e-09	-0.995004	-8.45928e-08	-0.0998334	0.0998334	3.68207e-09	-0.995004	-0.7277	0.0328713	0.7661	
8.45379e-08	-1	4.78135e-09	-0.995004	-8.45929e-08	-0.0998334	0.0998334	3.68225e-09	-0.995004	-0.7277	0.0328674	0.76611	
8.4538e-08	-1	4.78117e-09	-0.995004	-8.4593e-08	-0.0998334	0.0998334	3.68243e-09	-0.995004	-0.7277	0.0328633	0.76612	
8.45381e-08	-1	4.78099e-09	-0.995004	-8.45931e-08	-0.0998334	0.0998334	3.68262e-09	-0.995004	-0.7277	0.0328592	0.76612	
8.45382e-08	-1	4.78079e-09	-0.995004	-8.45932e-08	-0.0998334	0.0998334	3.68283e-09	-0.995004	-0.7277	0.032855	0.76613	
8.45384e-08	-1	4.78058e-09	-0.995004	-8.45933e-08	-0.0998334	0.0998334	3.68305e-09	-0.995004	-0.7277	0.0328508	0.76614	
8.45385e-08	-1	4.78036e-09	-0.995004	-8.45934e-08	-0.0998334	0.0998334	3.68328e-09	-0.995004	-0.7277	0.0328464	0.76614	
8.45386e-08	-1	4.78013e-09	-0.995004	-8.45935e-08	-0.0998334	0.0998334	3.68353e-09	-0.995004	-0.7277	0.032842	0.76615	
8.45388e-08	-1	4.77989e-09	-0.995004	-8.45936e-08	-0.0998334	0.0998334	3.68379e-09	-0.995004	-0.7277	0.0328376	0.76616	
8.45389e-08	-1	4.77963e-09	-0.995004	-8.45938e-08	-0.0998334	0.0998334	3.68406e-09	-0.995004	-0.7277	0.0328331	0.76617	
8.45391e-08	-1	4.77936e-09	-0.995004	-8.45939e-08	-0.0998334	0.0998334	3.68435e-09	-0.995004	-0.7277	0.0328285	0.76618	
8.45393e-08	-1	4.77907e-09	-0.995004	-8.4594e-08	-0.0998334	0.0998334	3.68465e-09	-0.995004	-0.7277	0.0328238	0.76619	
8.45395e-08	-1	4.77877e-09	-0.995004	-8.45942e-08	-0.0998334	0.0998334	3.68496e-09	-0.995004	-0.7277	0.0328191	0.76619	
8.45397e-08	-1	4.77846e-09	-0.995004	-8.45944e-08	-0.0998334	0.0998334	3.6853e-09	-0.995004	-0.7277	0.0328144	0.7662	
8.45399e-08	-1	4.77813e-09	-0.995004	-8.45945e-08	-0.0998334	0.0998334	3.68564e-09	-0.995004	-0.7277	0.0328096	0.76621	
8.45401e-08	-1	4.77778e-09	-0.995004	-8.45947e-08	-0.0998334	0.0998334	3.68601e-09	-0.995004	-0.7277	0.0328047	0.76622	
8.45403e-08	-1	4.77743e-09	-0.995004	-8.45949e-08	-0.0998334	0.0998334	3.68639e-09	-0.995004	-0.7277	0.0327998	0.76623	
8.45405e-08	-1	4.77705e-09	-0.995004	-8.45951e-08	-0.0998334	0.0998334	3.68678e-09	-0.995004	-0.7277	0.0327948	0.76624	
8.45408e-08	-1	4.77666e-09	-0.995004	-8.45953e-08	-0.0998334	0.0998334	3.6872e-09	-0.995004	-0.7277	0.0327898	0.76625	
8.45411e-08	-1	4.77625e-09	-0.995004	-8.45955e-08	-0.0998334	0.0998334	3.68763e-09	-0.995004	-0.7277	0.0327848	0.76626	
8.45413e-08	-1	4.77583e-09	-0.995004	-8.45958e-08	-0.0998334	0.0998334	3.68808e-09	-0.995004	-0.7277	0.0327797	0.76627	
8.45416e-08	-1	4.77539e-09	-0.995004	-8.4596e-08	-0.0998334	0.0998334	3.68854e-09	-0.995004	-0.7277	0.0327746	0.76628	
8.45419e-08	-1	4.77493e-09	-0.995004	-8.45962e-08	-0.0998334	0.0998334	3.68903e-09	-0.995004	-0.7277	0.0327694	0.76629	
8.45422e-08	-1	4.77445e-09	-0.995004	-8.45965e-08	-0.0998334	0.0998334	3.68953e-09	-0.995004	-0.7277	0.0327642	0.7663	
8.45425e-08	-1	4.77396e-09	-0.995004	-8.45968e-08	-0.0998334	0.0998334	3.69006e-09	-0.995004	-0.7277	0.032759	0.76631	
8.45429e-08	-1	4.77345e-09	-0.995004	-8.4597e-08	-0.0998334	0.0998334	3.6906e-09	-0.995004	-0.7277	0.0327537	0.76633	
8.45432e-08	-1	4.77292e-09	-0.995004	-8.45973e-08	-0.0998334	0.0998334	3.69116e-09	-0.995004	-0.7277	0.0327484	0.76634	
8.45436e-08	-1	4.77237e-09	-0.995004	-8.45976e-08	-0.0998334	0.0998334	3.69174e-09	-0.995004	-0.7277	0.0327431	0.76635	
8.45439e-08	-1	4.7718e-09	-0.995004	-8.4598e-08	-0.0998334	0.0998334	3.69235e-09	-0.995004	-0.7277	0.0327377	0.76636	
8.45443e-08	-1	4.77121e-09	-0.995004	-8.45983e-08	-0.0998334	0.0998334	3.69297e-09	-0.995004	-0.7277	0.0327323	0.76637	
8.45447e-08	-1	4.7706e-09	-0.995004	-8.45986e-08	-0.0998334	0.0998334	3.69362e-09	-0.995004	-0.7277	0.0327269	0.76639	
8.45451e-08	-1	4.76997e-09	-0.995004	-8.4599e-08	-0.0998334	0.0998334	3.69428e-09	-0.995004	-0.7277	0.0327215	0.7664	
8.45456e-08	-1	4.76933e-09	-0.995004	-8.45993e-08	-0.0998334	0.0998334	3.69497e-09	-0.995004	-0.7277	0.032716	0.76641	
8.4546e-08	-1	4.76866e-09	-0.995004	-8.45997e-08	-0.0998334	0.0998334	3.69568e-09	-0.995004	-0.7277	0.0327106	0.76642	
8.45465e-08	-1	4.76797e-09	-0.995004	-8.46001e-08	-0.0998334	0.0998334	3.69641e-09	-0.995004	-0.7277	0.0327051	0.76644	
8.45469e-08	-1	4.76725e-09	-0.995004	-8.46005e-08	-0.0998334	0.0998334	3.69717e-09	-0.995004	-0.7277	0.0326996	0.76645	
8.45474e-08	-1	4.76652e-09	-0.995004	-8.46009e-08	-0.0998334	0.0998334	3.69795e-09	-0.995004	-0.7277	0.032694	0.76646	
8.45479e-08	-1	4.76577e-09	-0.995004	-8.46013e-08	-0.0998334	0.0998334	3.69875e-09	-0.995004	-0.7277	0.0326885	0.76648	
8.45485e-08	-1	4.76499e-09	-0.995004	-8.46018e-08	-0.0998334	0.0998334	3.69958e-09	-0.995004	-0.7277	0.0326829	0.76649	
8.4549e-08	-1	4.76419e-09	-0.995004	-8.46022e-08	-0.0998334	0.0998334	3.70043e-09	-0.995004	-0.7277	0.0326774	0.7665	
8.45496e-08	-1	4.76336e-09	-0.995004	-8.46027e-08	-0.0998334	0.0998334	3.7013e-09	-0.995004	-0.7277	0.0326718	0.76652	
8.45501e-08	-1	4.76252e-09	-0.995004	-8.46032e-08	-0.0998334	0.0998334	3.7022e-09	-0.995004	-0.7277	0.0326662	0.76653	
8.45507e-08	-1	4.76165e-09	-0.995004	-8.46037e-08	-0.0998334	0.0998334	3.70313e-09	-0.995004	-0.7277	0.0326606	0.76655	
8.45513e-08	-1	4.76076e-09	-0.995004	-8.46042e-08	-0.0998334	0.0998334	3.70408e-09	-0.995004	-0.7277	0.032655	0.76656	
8.4552e-08	-1	4.75984e-09	-0.995004	-8.46047e-08	-0.0998334	0.0998334	3.70505e-09	-0.995004	-0.7277	0.0326494	0.76658	
8.45526e-08	-1	4.7589e-09	-0.995004	-8.46053e-08	-0.0998334	0.0998334	3.70605e-09	-0.995004	-0.7277	0.0326437	0.76659	
8.45533e-08	-1	4.75793e-09	-0.995004	-8.46059e-08	-0.0998334	0.0998334	3.70708e-09	-0.995004	-0.7277	0.0326381	0.76661	
8.4554e-08	-1	4.75694e-09	-0.995004	-8.46064e-08	-0.0998334	0.0998334	3.70813e-09	-0.995004	-0.7277	0.0326325	0.76662	
8.45547e-08	-1	4.75592e-09	-0.995004	-8.4607e-08	-0.0998334	0.0998334	3.70921e-09	-0.995004	-0.7277	0.0326269	0.76664	
8.45554e-08	-1	4.75488e-09	-0.995004	-8.46076e-08	-0.0998334	0.0998334	3.71032e-09	-0.995004	-0.7277	0.0326212	0.76665	
8.45561e-08	-1	4.75382e-09	-0.995004	-8.46083e-08	-0.0998334	0.0998334	3.71145e-09	-0.995004	-0.7277	0.0326156	0.76667	
8.45569e-08	-1	4.75272e-09	-0.995004	-8.46089e-08	-0.0998334	0.0998334	3.71262e-09	-0.995004	-0.7277	0.03261	0.76668	
8.45576e-08	-1	4.75161e-09	-0.995004	-8.46096e-08	-0.0998334	0.0998334	3.71381e-09	-0.995004	-0.7277	0.0326043	0.7667	
8.45584e-08	-1	4.75046e-09	-0.995004	-8.46103e-08	-0.0998334	0.0998334	3.71503e-09	-0.995004	-0.7277	0.0325987	0.76672	
8.45593e-08	-1	4.74929e-09	-0.995004	-8.46109e-08	-0.0998334	0.0998334	3.71627e-09	-0.995004	-0.7277	0.0325931	0.76673	
8.45601e-08	-1	4.74809e-09	-0.995004	-8.46117e-08	-0.0998334	0.0998334	3.71755e-09	-0.995004	-0.7277	0.0325875	0.76675	
8.45609e-08	-1	4.74687e-09	-0.995004	-8.46124e-08	-0.0998334	0.0998334	3.71885e-09	-0.995004	-0.7277	0.0325819	0.76677	
8.45618e-08	-1	4.74561e-09	-0.995004	-8.46131e-08	-0.0998334	0.0998334	3.72019e-09	-0.995004	-0.7277	0.0325763	0.76678	
8.45627e-08	-1	4.74433e-09	-0.995004	-8.46139e-08	-0.0998334	0.0998334	3.72155e-09	-0.995004	-0.7277	0.0325707	0.7668	
8.45636e-08	-1	4.74303e-09	-0.995004	-8.46147e-08	-0.0998334	0.0998334	3.72294e-09	-0.995004	-0.7277	0.0325651	0.76682	
8.45646e-08	-1	4.74169e-09	-0.995004	-8.46155e-08	-0.0998334	0.0998334	3.72437e-09	-0.995004	-0.7277	0.0325595	0.76684	
8.45656e-08	-1	4.74033e-09	-0.995004	-8.46163e-08	-0.0998334	0.0998334	3.72582e-09	-0.995004	-0.7277	0.0325539	0.76685	
8.45665e-08	-1	4.73893e-09	-0.995004	-8.46172e-08	-0.0998334	0.0998334	3.7273e-09	-0.995004	-0.7277	0.0325484	0.76687	
8.45675e-08	-1	4.73751e-09	-0.995004	-8.4618e-08	-0.0998334	0.0998334	3.72882e-09	-0.995004	-0.7277	0.0325428	0.76689	
8.45686e-08	-1	4.73606e-09	-0.995004	-8.46189e-08	-0.0998334	0.0998334	3.73036e-09	-0.995004	-0.7277	0.0325373	0.76691	
8.45696e-08	-1	4.73458e-09	-0.995004	-8.46198e-08	-0.0998334	0.0998334	3.73194e-09	-0.995004	-0.7277	0.0325318	0.76693	
8.45707e-08	-1	4.73308e-09	-0.995004	-8.46207e-08	-0.0998334	0.0998334	3.73355e-09	-0.995004	-0.7277	0.0325263	0.76695	
8.45718e-08	-1	4.73154e-09	-0.995004	-8.46217e-08	-0.0998334	0.0998334	3.73519e-09	-0.995004	-0.7277	0.0325208	0.76697	
8.45729e-08	-1	4.72997e-09	-0.995004	-8.46226e-08	-0.0998334	0.0998334	3.73686e-09	-0.995004	-0.7277	0.0325153	0.76698	
8.45741e-08	-1	4.72837e-09	-0.995004	-8.46236e-08	-0.0998334	0.0998334	3.73856e-09	-0.995004	-0.7277	0.0325098	0.767	
8.45752e-08	-1	4.72675e-09	-0.995004	-8.46246e-08	-0.0998334	0.0998334	3.7403e-09	-0.995004	-0.7277	0.0325044	0.76702	
8.45764e-08	-1	4.72509e-09	-0.995004	-8.46256e-08	-0.0998334	0.0998334	3.74207e-09	-0.995004	-0.7277	0.032499	0.76704	
8.45776e-08	-1	4.7234e-09	-0.995004	-8.46267e-08	-0.0998334	0.0998334	3.74387e-09	-0.995004	-0.7277	0.0324936	0.76706	
8.45789e-08	-1	4.72168e-09	-0.995004	-8.46277e-08	-0.0998334	0.0998334	3.74571e-09	-0.995004	-0.7277	0.0324882	0.76708	
8.45801e-08	-1	4.71993e-09	-0.995004	-8.46288e-08	-0.0998334	0.0998334	3.74757e-09	-0.995004	-0.7277	0.0324828	0.7671	
8.45814e-08	-1	4.71815e-09	-0.995004	-8.46299e-08	-0.0998334	0.0998334	3.74947e-09	-0.995004	-0.7277	0.0324775	0.76712	
8.45827e-08	-1	4.71634e-09	-0.995004	-8.4631e-08	-0.0998334	0.0998334	3.75141e-09	-0.995004	-0.7277	0.0324721	0.76714	
8.45841e-08	-1	4.71449e-09	-0.995004	-8.46322e-08	-0.0998334	0.0998334	3.75338e-09	-0.995004	-0.7277	0.0324668	0.76716	
8.45854e-08	-1	4.71262e-09	-0.995004	-8.46333e-08	-0.0998334	0.0998334	3.75538e-09	-0.995004	-0.7277	0.0324616	0.76718	
8.45868e-08	-1	4.71071e-09	-0.995004	-8.46345e-08	-0.0998334	0.0998334	3.75742e-09	-0.995004	-0.7277	0.0324563	0.7672	
8.45882e-08	-1	4.70877e-09	-0.995004	-8.46357e-08	-0.0998334	0.0998334	3.75949e-09	-0.995004	-0.7277	0.0324511	0.76723	
8.45897e-08	-1	4.7068e-09	-0.995004	-8.4637e-08	-0.0998334	0.0998334	3.76159e-09	-0.995004	-0.7277	0.0324459	0.76725	
8.45911e-08	-1	4.70479e-09	-0.995004	-8.46382e-08	-0.0998334	0.0998334	3.76373e-09	-0.995004	-0.7277	0.0324407	0.76727	
8.45926e-08	-1	4.70275e-09	-0.995004	-8.46395e-08	-0.0998334	0.0998334	3.76591e-09	-0.995004	-0.7277	0.0324355	0.76729	
8.45942e-08	-1	4.70069e-09	-0.995004	-8.46408e-08	-0.0998334	0.0998334	3.76812e-09	-0.995004	-0.7277	0.0324304	0.76731	
8.45957e-08	-1	4.69858e-09	-0.995004	-8.46421e-08	-0.0998334	0.0998334	3.77037e-09	-0.995004	-0.7277	0.0324253	0.76733	
8.45973e-08	-1	4.69645e-09	-0.995004	-8.46435e-08	-0.0998334	0.0998334	3.77265e-09	-0.995004	-0.7277	0.0324202	0.76736	
8.45989e-08	-1	4.69428e-09	-0.995004	-8.46449e-08	-0.0998334	0.0998334	3.77496e-09	-0.995004	-0.7277	0.0324151	0.76738	
8.46005e-08	-1	4.69208e-09	-0.995004	-8.46463e-08	-0.0998334	0.0998334	3.77732e-09	-0.995004	-0.7277	0.0324101	0.7674	
8.46021e-08	-1	4.68984e-09	-0.995004	-8.46477e-08	-0.0998334	0.0998334	3.7797e-09	-0.995004	-0.7277	0.0324051	0.76742	
8.46038e-08	-1	4.68757e-09	-0.995004	-8.46491e-08	-0.0998334	0.0998334	3.78213e-09	-0.995004	-0.7277	0.0324001	0.76745	
8.46055e-08	-1	4.68527e-09	-0.995004	-8.46506e-08	-0.0998334	0.0998334	3.78459e-09	-0.995004	-0.7277	0.0323952	0.76747	
8.46072e-08	-1	4.68294e-09	-0.995004	-8.46521e-08	-0.0998334	0.0998334	3.78708e-09	-0.995004	-0.7277	0.0323903	0.76749	
8.4609e-08	-1	4.68057e-09	-0.995004	-8.46536e-08	-0.0998334	0.0998334	3.78962e-09	-0.995004	-0.7277	0.0323854	0.76751	
8.46108e-08	-1	4.67816e-09	-0.995004	-8.46551e-08	-0.0998334	0.0998334	3.79219e-09	-0.995004	-0.7277	0.0323805	0.76754	
8.46126e-08	-1	4.67573e-09	-0.995004	-8.46567e-08	-0.0998334	0.0998334	3.79479e-09	-0.995004	-0.7277	0.0323757	0.76756	
8.46144e-08	-1	4.67325e-09	-0.995004	-8.46582e-08	-0.0998334	0.0998334	3.79744e-09	-0.995004	-0.7277	0.0323709	0.76758	
8.46163e-08	-1	4.67075e-09	-0.995004	-8.46598e-08	-0.0998334	0.0998334	3.80012e-09	-0.995004	-0.7277	0.0323662	0.76761	
8.46182e-08	-1	4.66821e-09	-0.995004	-8.46615e-08	-0.0998334	0.0998334	3.80284e-09	-0.995004	-0.7277	0.0323614	0.76763	
8.46201e-08	-1	4.66563e-09	-0.995004	-8.46631e-08	-0.0998334	0.0998334	3.80559e-09	-0.995004	-0.7277	0.0323567	0.76766	
8.4622e-08	-1	4.66302e-09	-0.995004	-8.46648e-08	-0.0998334	0.0998334	3.80838e-09	-0.995004	-0.7277	0.0323521	0.76768	
8.4624e-08	-1	4.66037e-09	-0.995004	-8.46665e-08	-0.0998334	0.0998334	3.81121e-09	-0.995004	-0.7277	0.0323474	0.76771	
8.4626e-08	-1	4.65769e-09	-0.995004	-8.46682e-08	-0.0998334	0.0998334	3.81408e-09	-0.995004	-0.7277	0.0323428	0.76773	
8.46281e-08	-1	4.65497e-09	-0.995004	-8.467e-08	-0.0998334	0.0998334	3.81699e-09	-0.995004	-0.7277	0.0323383	0.76775	
8.46301e-08	-1	4.65222e-09	-0.995004	-8.46718e-08	-0.0998334	0.0998334	3.81993e-09	-0.995004	-0.7277	0.0323337	0.76778	
8.46322e-08	-1	4.64944e-09	-0.995004	-8.46736e-08	-0.0998334	0.0998334	3.82291e-09	-0.995004	-0.7277	0.0323292	0.7678	
8.46343e-08	-1	4.64661e-09	-0.995004	-8.46754e-08	-0.0998334	0.0998334	3.82593e-09	-0.995004	-0.7277	0.0323248	0.76783	
8.46365e-08	-1	4.64375e-09	-0.995004	-8.46773e-08	-0.0998334	0.0998334	3.82899e-09	-0.995004	-0.7277	0.0323203	0.76785	
8.46387e-08	-1	4.64086e-09	-0.995004	-8.46792e-08	-0.0998334	0.0998334	3.83209e-09	-0.995004	-0.7277	0.0323159	0.76788	
8.46409e-08	-1	4.63793e-09	-0.995004	-8.46811e-08	-0.0998334	0.0998334	3.83522e-09	-0.995004	-0.7277	0.0323116	0.76791	
8.46431e-08	-1	4.63497e-09	-0.995004	-8.4683e-08	-0.0998334	0.0998334	3.8384e-09	-0.995004	-0.7277	0.0323072	0.76793	
8.46454e-08	-1	4.63197e-09	-0.995004	-8.46849e-08	-0.0998334	0.0998334	3.84161e-09	-0.995004	-0.7277	0.0323029	0.76796	
8.46477e-08	-1	4.62893e-09	-0.995004	-8.46869e-08	-0.0998334	0.0998334	3.84486e-09	-0.995004	-0.7277	0.0322987	0.76798	
8.465e-08	-1	4.62585e-09	-0.995004	-8.46889e-08	-0.0998334	0.0998334	3.84815e-09	-0.995004	-0.7277	0.0322945	0.76801	
8.46524e-08	-1	4.62274e-09	-0.995004	-8.4691e-08	-0.0998334	0.0998334	3.85149e-09	-0.995004	-0.7277	0.0322903	0.76804	
8.46548e-08	-1	4.6196e-09	-0.995004	-8.4693e-08	-0.0998334	0.0998334	3.85485e-09	-0.995004	-0.7277	0.0322861	0.76806	
8.46572e-08	-1	4.61641e-09	-0.995004	-8.46951e-08	-0.0998334	0.0998334	3.85826e-09	-0.995004	-0.7277	0.032282	0.76809	
8.46596e-08	-1	4.6132e-09	-0.995004	-8.46972e-08	-0.0998334	0.0998334	3.86171e-09	-0.995004	-0.7277	0.0322779	0.76812	
8.46621e-08	-1	4.60994e-09	-0.995004	-8.46994e-08	-0.0998334	0.0998334	3.86519e-09	-0.995004	-0.7277	0.0322739	0.76814	
8.46646e-08	-1	4.60665e-09	-0.995004	-8.47015e-08	-0.0998334	0.0998334	3.86872e-09	-0.995004	-0.7277	0.0322699	0.76817	
8.46671e-08	-1	4.60332e-09	-0.995004	-8.47037e-08	-0.0998334	0.0998334	3.87228e-09	-0.995004	-0.7277	0.0322659	0.7682	
8.46697e-08	-1	4.59996e-09	-0.995004	-8.47059e-08	-0.0998334	0.0998334	3.87589e-09	-0.995004	-0.7277	0.032262	0.76823	
8.46723e-08	-1	4.59656e-09	-0.995004	-8.47082e-08	-0.0998334	0.0998334	3.87953e-09	-0.995004	-0.7277	0.0322581	0.76825	
8.46749e-08	-1	4.59312e-09	-0.995004	-8.47105e-08	-0.0998334	0.0998334	3.88321e-09	-0.995004	-0.7277	0.0322543	0.76828	
8.46776e-08	-1	4.58964e-09	-0.995004	-8.47128e-08	-0.0998334	0.0998334	3.88693e-09	-0.995004	-0.7277	0.0322505	0.76831	
8.46803e-08	-1	4.58613e-09	-0.995004	-8.47151e-08	-0.0998334	0.0998334	3.8907e-09	-0.995004	-0.7277	0.0322467	0.76834	
8.4683e-08	-1	4.58259e-09	-0.995004	-8.47174e-08	-0.0998334	0.0998334	3.8945e-09	-0.995004	-0.7277	0.032243	0.76837	
8.46857e-08	-1	4.579e-09	-0.995004	-8.47198e-08	-0.0998334	0.0998334	3.89834e-09	-0.995004	-0.7277	0.0322393	0.76839	
8.46885e-08	-1	4.57538e-09	-0.995004	-8.47222e-08	-0.0998334	0.0998334	3.90222e-09	-0.995004	-0.7277	0.0322356	0.76842	
8.46913e-08	-1	4.57173e-09	-0.995004	-8.47246e-08	-0.0998334	0.0998334	3.90614e-09	-0.995004	-0.7277	0.032232	0.76845	
8.46942e-08	-1	4.56803e-09	-0.995004	-8.47271e-08	-0.0998334	0.0998334	3.9101e-09	-0.995004	-0.7277	0.0322284	0.76848	
8.4697e-08	-1	4.5643e-09	-0.995004	-8.47296e-08	-0.0998334	0.0998334	3.91409e-09	-0.995004	-0.7277	0.0322249	0.76851	
8.46999e-08	-1	4.56053e-09	-0.995004	-8.47321e-08	-0.0998334	0.0998334	3.91813e-09	-0.995004	-0.7277	0.0322214	0.76854	
8.47029e-08	-1	4.55673e-09	-0.995004	-8.47346e-08	-0.0998334	0.0998334	3.92221e-09	-0.995004	-0.7277	0.0322179	0.76857	
8.47058e-08	-1	4.55289e-09	-0.995004	-8.47372e-08	-0.0998334	0.0998334	3.92633e-09	-0.995004	-0.7277	0.0322145	0.7686	
8.47088e-08	-1	4.54901e-09	-0.995004	-8.47398e-08	-0.0998334	0.0998334	3.93049e-09	-0.995004	-0.7277	0.0322111	0.76863	
8.47118e-08	-1	4.54509e-09	-0.995004	-8.47424e-08	-0.0998334	0.0998334	3.93468e-09	-0.995004	-0.7277	0.0322077	0.76865	
8.47149e-08	-1	4.54114e-09	-0.995004	-8.4745e-08	-0.0998334	0.0998334	3.93892e-09	-0.995004	-0.7277	0.0322044	0.76868	
8.4718e-08	-1	4.53715e-09	-0.995004	-8.47477e-08	-0.0998334	0.0998334	3.9432e-09	-0.995004	-0.7277	0.0322012	0.76871	
8.47211e-08	-1	4.53312e-09	-0.995004	-8.47504e-08	-0.0998334	0.0998334	3.94752e-09	-0.995004	-0.7277	0.0321979	0.76874	
8.47243e-08	-1	4.52906e-09	-0.995004	-8.47531e-08	-0.0998334	0.0998334	3.95187e-09	-0.995004	-0.7277	0.0321947	0.76877	
8.47274e-08	-1	4.52496e-09	-0.995004	-8.47559e-08	-0.0998334	0.0998334	3.95627e-09	-0.995004	-0.7277	0.0321916	0.76881	
8.47306e-08	-1	4.52082e-09	-0.995004	-8.47587e-08	-0.0998334	0.0998334	3.96071e-09	-0.995004	-0.7277	0.0321885	0.76884	
8.47339e-08	-1	4.51665e-09	-0.995004	-8.47615e-08	-0.0998334	0.0998334	3.96519e-09	-0.995004	-0.7277	0.0321854	0.76887	
8.47371e-08	-1	4.51244e-09	-0.995004	-8.47643e-08	-0.0998334	0.0998334	3.9697e-09	-0.995004	-0.7277	0.0321824	0.7689	
8.47405e-08	-1	4.50819e-09	-0.995004	-8.47672e-08	-0.0998334	0.0998334	3.97426e-09	-0.995004	-0.7277	0.0321794	0.76893	
8.47438e-08	-1	4.50391e-09	-0.995004	-8.47701e-08	-0.0998334	0.0998334	3.97885e-09	-0.995004	-0.7277	0.0321765	0.76896	
8.47471e-08	-1	4.49959e-09	-0.995004	-8.4773e-08	-0.0998334	0.0998334	3.98348e-09	-0.995004	-0.7277	0.0321735	0.76899	
8.47505e-08	-1	4.49523e-09	-0.995004	-8.47759e-08	-0.0998334	0.0998334	3.98816e-09	-0.995004	-0.7277	0.0321707	0.76902	
8.4754e-08	-1	4.49084e-09	-0.995004	-8.47789e-08	-0.0998334	0.0998334	3.99287e-09	-0.995004	-0.7277	0.0321678	0.76905	
8.47574e-08	-1	4.48641e-09	-0.995004	-8.47819e-08	-0.0998334	0.0998334	3.99762e-09	-0.995004	-0.7277	0.0321651	0.76908	
8.47609e-08	-1	4.48194e-09	-0.995004	-8.47849e-08	-0.0998334	0.0998334	4.00242e-09	-0.995004	-0.7277	0.0321623	0.76912	
8.47644e-08	-1	4.47744e-09	-0.995004	-8.4788e-08	-0.0998334	0.0998334	4.00725e-09	-0.995004	-0.7277	0.0321596	0.76915	
8.4768e-08	-1	4.4729e-09	-0.995004	-8.4791e-08	-0.0998334	0.0998334	4.01212e-09	-0.995004	-0.7277	0.0321569	0.76918	
8.47715e-08	-1	4.46833e-09	-0.995004	-8.47941e-08	-0.0998334	0.0998334	4.01703e-09	-0.995004	-0.7277	0.0321543	0.76921	
8.47752e-08	-1	4.46372e-09	-0.995004	-8.47973e-08	-0.0998334	0.0998334	4.02197e-09	-0.995004	-0.7277	0.0321517	0.76924	
8.47788e-08	-1	4.45907e-09	-0.995004	-8.48004e-08	-0.0998334	0.0998334	4.02696e-09	-0.995004	-0.7277	0.0321492	0.76928	
8.47825e-08	-1	4.45439e-09	-0.995004	-8.48036e-08	-0.0998334	0.0998334	4.03198e-09	-0.995004	-0.7277	0.0321467	0.76931	
8.47862e-08	-1	4.44967e-09	-0.995004	-8.48068e-08	-0.0998334	0.0998334	4.03705e-09	-0.995004	-0.7277	0.0321442	0.76934	
8.47899e-08	-1	4.44492e-09	-0.995004	-8.481e-08	-0.0998334	0.0998334	4.04215e-09	-0.995004	-0.7277	0.0321418	0.76937	
8.47936e-08	-1	4.44013e-09	-0.995004	-8.48133e-08	-0.0998334	0.0998334	4.04729e-09	-0.995004	-0.7277	0.0321394	0.76941	
8.47974e-08	-1	4.43531e-09	-0.995004	-8.48166e-08	-0.0998334	0.0998334	4.05247e-09	-0.995004	-0.7277	0.032137	0.76944	
8.48013e-08	-1	4.43044e-09	-0.995004	-8.48199e-08	-0.0998334	0.0998334	4.05769e-09	-0.995004	-0.7277	0.0321347	0.76947	
8.48051e-08	-1	4.42555e-09	-0.995004	-8.48233e-08	-0.0998334	0.0998334	4.06294e-09	-0.995004	-0.7277	0.0321325	0.76951	
8.4809e-08	-1	4.42062e-09	-0.995004	-8.48266e-08	-0.0998334	0.0998334	4.06824e-09	-0.995004	-0.7277	0.0321302	0.76954	
8.48129e-08	-1	4.41565e-09	-0.995004	-8.483e-08	-0.0998334	0.0998334	4.07357e-09	-0.995004	-0.7277	0.032128	0.76957	
8.48168e-08	-1	4.41065e-09	-0.995004	-8.48334e-08	-0.0998334	0.0998334	4.07894e-09	-0.995004	-0.7277	0.0321259	0.76961	
8.48208e-08	-1	4.40561e-09	-0.995004	-8.48369e-08	-0.0998334	0.0998334	4.08435e-09	-0.995004	-0.7277	0.0321238	0.76964	
8.48248e-08	-1	4.40054e-09	-0.995004	-8.48404e-08	-0.0998334	0.0998334	4.08979e-09	-0.995004	-0.7277	0.0321217	0.76967	
8.48288e-08	-1	4.39543e-09	-0.995004	-8.48439e-08	-0.0998334	0.0998334	4.09528e-09	-0.995004	-0.7277	0.0321197	0.76971	
8.48337e-08	-1	4.38927e-09	-0.995004	-8.48481e-08	-0.0998334	0.0998334	4.10189e-09	-0.995004	-0.7277	0.0321183	0.76974	
8.48403e-08	-1	4.38103e-09	-0.995004	-8.48538e-08	-0.0998334	0.0998334	4.11075e-09	-0.995004	-0.7277	0.0321178	0.76978	
8.48487e-08	-1	4.37045e-09	-0.995004	-8.48611e-08	-0.0998334	0.0998334	4.12212e-09	-0.995004	-0.7277	0.0321184	0.76981	
8.48593e-08	-1	4.35726e-09	-0.995004	-8.48703e-08	-0.0998334	0.0998334	4.13629e-09	-0.995004	-0.72769	0.0321199	0.76985	
8.48721e-08	-1	4.34122e-09	-0.995004	-8.48815e-08	-0.0998334	0.0998334	4.15354e-09	-0.995004	-0.72769	0.0321224	0.76988	
8.48875e-08	-1	4.32205e-09	-0.995004	-8.48949e-08	-0.0998334	0.0998334	4.17415e-09	-0.995004	-0.72768	0.0321258	0.76991	
8.49056e-08	-1	4.29952e-09	-0.995004	-8.49107e-08	-0.0998334	0.0998334	4.19838e-09	-0.995004	-0.72768	0.0321301	0.76995	
8.49267e-08	-1	4.27336e-09	-0.995004	-8.4929e-08	-0.0998334	0.0998334	4.22651e-09	-0.995004	-0.72767	0.0321354	0.76998	
8.49509e-08	-1	4.24333e-09	-0.995004	-8.49501e-08	-0.0998334	0.0998334	4.25881e-09	-0.995004	-0.72766	0.0321415	0.77002	
8.49785e-08	-1	4.20918e-09	-0.995004	-8.49741e-08	-0.0998334	0.0998334	4.29554e-09	-0.995004	-0.72765	0.0321485	0.77005	
8.50096e-08	-1	4.17066e-09	-0.995004	-8.50012e-08	-0.0998334	0.0998334	4.33697e-09	-0.995004	-0.72764	0.0321563	0.77009	
8.50444e-08	-1	4.12753e-09	-0.995004	-8.50316e-08	-0.0998334	0.0998334	4.38336e-09	-0.995004	-0.72763	0.0321649	0.77012	
8.50832e-08	-1	4.07956e-09	-0.995004	-8.50654e-08	-0.0998334	0.0998334	4.43496e-09	-0.995004	-0.72762	0.0321744	0.77016	
8.51261e-08	-1	4.0265e-09	-0.995004	-8.51028e-08	-0.0998334	0.0998334	4.49204e-09	-0.995004	-0.7276	0.0321847	0.77019	
8.51734e-08	-1	3.96813e-09	-0.995004	-8.5144e-08	-0.0998334	0.0998334	4.55485e-09	-0.995004	-0.72759	0.0321957	0.77023	
8.52252e-08	-1	3.9042e-09	-0.995004	-8.51892e-08	-0.0998334	0.0998334	4.62362e-09	-0.995004	-0.72757	0.0322075	0.77026	
8.52816e-08	-1	3.83449e-09	-0.995004	-8.52384e-08	-0.0998334	0.0998334	4.69862e-09	-0.995004	-0.72756	0.0322201	0.77029	
8.5343e-08	-1	3.75878e-09	-0.995004	-8.52919e-08	-0.0998334	0.0998334	4.78008e-09	-0.995004	-0.72754	0.0322334	0.77033	
8.54094e-08	-1	3.67684e-09	-0.995004	-8.53498e-08	-0.0998334	0.0998334	4.86824e-09	-0.995004	-0.72752	0.0322474	0.77036	
8.54811e-08	-1	3.58845e-09	-0.995004	-8.54123e-08	-0.0998334	0.0998334	4.96334e-09	-0.995004	-0.7275	0.0322621	0.7704	
8.55582e-08	-1	3.4934e-09	-0.995004	-8.54795e-08	-0.0998334	0.0998334	5.06561e-09	-0.995004	-0.72748	0.0322775	0.77043	
8.56409e-08	-1	3.39148e-09	-0.995004	-8.55516e-08	-0.0998334	0.0998334	5.17528e-09	-0.995004	-0.72746	0.0322935	0.77047	
8.57293e-08	-1	3.28247e-09	-0.995004	-8.56287e-08	-0.0998334	0.0998334	5.29258e-09	-0.995004	-0.72744	0.0323103	0.77051	
8.58237e-08	-1	3.16616e-09	-0.995004	-8.5711e-08	-0.0998334	0.0998334	5.41773e-09	-0.995004	-0.72741	0.0323276	0.77054	
8.59242e-08	-1	3.04236e-09	-0.995004	-8.57986e-08	-0.0998334	0.0998334	5.55094e-09	-0.995004	-0.72739	0.0323456	0.77058	
8.60309e-08	-1	2.91087e-09	-0.995004	-8.58917e-08	-0.0998334	0.0998334	5.69243e-09	-0.995004	-0.72737	0.0323642	0.77061	
8.61441e-08	-1	2.77148e-09	-0.995004	-8.59904e-08	-0.0998334	0.0998334	5.84242e-09	-0.995004	-0.72734	0.0323835	0.77065	
8.62638e-08	-1	2.62401e-09	-0.995004	-8.60948e-08	-0.0998334	0.0998334	6.00111e-09	-0.995004	-0.72731	0.0324033	0.77068	
8.63903e-08	-1	2.46826e-09	-0.995004	-8.62051e-08	-0.0998334	0.0998334	6.16871e-09	-0.995004	-0.72729	0.0324237	0.77072	
8.65236e-08	-1	2.30404e-09	-0.995004	-8.63214e-08	-0.0998334	0.0998334	6.34541e-09	-0.995004	-0.72726	0.0324446	0.77075	
8.6664e-08	-1	2.13118e-09	-0.995004	-8.64438e-08	-0.0998334	0.0998334	6.53143e-09	-0.995004	-0.72723	0.0324661	0.77079	
8.68116e-08	-1	1.94949e-09	-0.995004	-8.65725e-08	-0.0998334	0.0998334	6.72694e-09	-0.995004	-0.7272	0.0324882	0.77083	
8.69665e-08	-1	1.75881e-09	-0.995004	-8.67076e-08	-0.0998334	0.0998334	6.93214e-09	-0.995004	-0.72716	0.0325107	0.77086	
8.71289e-08	-1	1.55896e-09	-0.995004	-8.68492e-08	-0.0998334	0.0998334	7.1472e-09	-0.995004	-0.72713	0.0325338	0.7709	
8.72988e-08	-1	1.34978e-09	-0.995004	-8.69974e-08	-0.0998334	0.0998334	7.3723e-09	-0.995004	-0.7271	0.0325574	0.77093	
8.74765e-08	-1	1.13109e-09	-0.995004	-8.71524e-08	-0.0998334	0.0998334	7.60763e-09	-0.995004	-0.72706	0.0325815	0.77097	
8.7662e-08	-1	9.02762e-10	-0.995004	-8.73142e-08	-0.0998334	0.0998334	7.85334e-09	-0.995004	-0.72703	0.032606	0.77101	
8.78556e-08	-1	6.64622e-10	-0.995004	-8.7483e-08	-0.0998334	0.0998334	8.10961e-09	-0.995004	-0.72699	0.032631	0.77104	
8.80572e-08	-1	4.16528e-10	-0.995004	-8.76589e-08	-0.0998334	0.0998334	8.3766e-09	-0.995004	-0.72696	0.0326565	0.77108	
8.82671e-08	-1	1.58323e-10	-0.995004	-8.78419e-08	-0.0998334	0.0998334	8.65447e-09	-0.995004	-0.72692	0.0326824	0.77111	
8.84853e-08	-1	-1.10125e-10	-0.995004	-8.80322e-08	-0.0998334	0.0998334	8.94336e-09	-0.995004	-0.72688	0.0327088	0.77115	
8.8712e-08	-1	-3.88944e-10	-0.995004	-8.82299e-08	-0.0998334	0.0998334	9.24341e-09	-0.995004	-0.72684	0.0327356	0.77119	
8.89472e-08	-1	-6.78274e-10	-0.995004	-8.84351e-08	-0.0998334	0.0998334	9.55478e-09	-0.995004	-0.7268	0.0327628	0.77122	
8.91911e-08	-1	-9.78238e-10	-0.995004	-8.86479e-08	-0.0998334	0.0998334	9.8776e-09	-0.995004	-0.72676	0.0327904	0.77126	
8.94438e-08	-1	-1.28895e-09	-0.995004	-8.88683e-08	-0.0998334	0.0998334	1.0212e-08	-0.995004	-0.72672	0.0328184	0.7713	
8.97054e-08	-1	-1.61054e-09	-0.995004	-8.90964e-08	-0.0998334	0.0998334	1.05581e-08	-0.995004	-0.72667	0.0328468	0.77134	
8.99759e-08	-1	-1.94311e-09	-0.995004	-8.93324e-08	-0.0998334	0.0998334	1.0916e-08	-0.995004	-0.72663	0.0328755	0.77137	
9.02555e-08	-1	-2.28679e-09	-0.995004	-8.95763e-08	-0.0998334	0.0998334	1.12859e-08	-0.995004	-0.72659	0.0329046	0.77141	
9.05443e-08	-1	-2.64166e-09	-0.995004	-8.98282e-08	-0.0998334	0.0998334	1.16678e-08	-0.995004	-0.72654	0.0329341	0.77145	
9.08423e-08	-1	-3.00785e-09	-0.995004	-9.00881e-08	-0.0998334	0.0998334	1.20619e-08	-0.995004	-0.72649	0.0329639	0.77148	
9.11496e-08	-1	-3.38545e-09	-0.995004	-9.03563e-08	-0.0998334	0.0998334	1.24683e-08	-0.995004	-0.72645	0.032994	0.77152	
9.14664e-08	-1	-3.77454e-09	-0.995004	-9.06326e-08	-0.0998334	0.0998334	1.28871e-08	-0.995004	-0.7264	0.0330245	0.77156	
9.17926e-08	-1	-4.17522e-09	-0.995004	-9.09172e-08	-0.0998334	0.0998334	1.33183e-08	-0.995004	-0.72635	0.0330553	0.7716	
9.21284e-08	-1	-4.58758e-09	-0.995004	-9.12101e-08	-0.0998334	0.0998334	1.37621e-08	-0.995004	-0.7263	0.0330864	0.77163	
9.24738e-08	-1	-5.01168e-09	-0.995004	-9.15115e-08	-0.0998333	0.0998333	1.42186e-08	-0.995004	-0.72625	0.0331178	0.77167	
9.2829e-08	-1	-5.44761e-09	-0.995004	-9.18213e-08	-0.0998333	0.0998333	1.46878e-08	-0.995004	-0.7262	0.0331495	0.77171	
9.31939e-08	-1	-5.89544e-09	-0.995004	-9.21397e-08	-0.0998333	0.0998333	1.51698e-08	-0.995004	-0.72615	0.0331815	0.77175	
9.35686e-08	-1	-6.35523e-09	-0.995004	-9.24667e-08	-0.0998333	0.0998333	1.56647e-08	-0.995004	-0.72609	0.0332137	0.77178	
9.39532e-08	-1	-6.82704e-09	-0.995004	-9.28022e-08	-0.0998333	0.0998333	1.61726e-08	-0.995004	-0.72604	0.0332463	0.77182	
9.43477e-08	-1	-7.31092e-09	-0.995004	-9.31465e-08	-0.0998333	0.0998333	1.66934e-08	-0.995004	-0.72598	0.033279	0.77186	
9.47523e-08	-1	-7.80694e-09	-0.995004	-9.34995e-08	-0.0998333	0.0998333	1.72274e-08	-0.995004	-0.72593	0.0333121	0.7719	
9.51668e-08	-1	-8.31513e-09	-0.995004	-9.38613e-08	-0.0998333	0.0998333	1.77744e-08	-0.995004	-0.72587	0.0333453	0.77194	
9.55915e-08	-1	-8.83553e-09	-0.995004	-9.42318e-08	-0.0998333	0.0998333	1.83346e-08	-0.995004	-0.72582	0.0333788	0.77197	
9.60262e-08	-1	-9.36819e-09	-0.995004	-9.46112e-08	-0.0998333	0.0998333	1.8908e-08	-0.995004	-0.72576	0.0334126	0.77201	
9.64711e-08	-1	-9.91313e-09	-0.995004	-9.49995e-08	-0.0998333	0.0998333	1.94946e-08	-0.995004	-0.7257	0.0334465	0.77205	
9.69262e-08	-1	-1.04704e-08	-0.995004	-9.53967e-08	-0.0998333	0.0998333	2.00945e-08	-0.995004	-0.72564	0.0334807	0.77209	
9.73915e-08	-1	-1.104e-08	-0.995004	-9.58028e-08	-0.0998333	0.0998333	2.07077e-08	-0.995004	-0.72558	0.0335151	0.77213	
9.78671e-08	-1	-1.16219e-08	-0.995004	-9.62179e-08	-0.0998333	0.0998333	2.13342e-08	-0.995004	-0.72552	0.0335497	0.77217	
9.83529e-08	-1	-1.22162e-08	-0.995004	-9.66419e-08	-0.0998333	0.0998333	2.19741e-08	-0.995004	-0.72546	0.0335844	0.77221	
9.8849e-08	-1	-1.28229e-08	-0.995004	-9.7075e-08	-0.0998333	0.0998333	2.26272e-08	-0.995004	-0.7254	0.0336194	0.77225	
9.93553e-08	-1	-1.34419e-08	-0.995004	-9.7517e-08	-0.0998333	0.0998333	2.32937e-08	-0.995004	-0.72534	0.0336545	0.77228	
9.9872e-08	-1	-1.40733e-08	-0.995004	-9.79681e-08	-0.0998333	0.0998333	2.39736e-08	-0.995004	-0.72527	0.0336899	0.77232	
1.00399e-07	-1	-1.47171e-08	-0.995004	-9.84282e-08	-0.0998333	0.0998333	2.46668e-08	-0.995004	-0.72521	0.0337253	0.77236	
1.00936e-07	-1	-1.53733e-08	-0.995004	-9.88973e-08	-0.0998333	0.0998333	2.53733e-08	-0.995004	-0.72514	0.033761	0.7724	
1.01484e-07	-1	-1.60417e-08	-0.995004	-9.93754e-08	-0.0998333	0.0998333	2.60931e-08	-0.995004	-0.72508	0.0337968	0.77244	
1.02042e-07	-1	-1.67225e-08	-0.995004	-9.98626e-08	-0.0998333	0.0998333	2.68261e-08	-0.995004	-0.72501	0.0338327	0.77248	
1.0261e-07	-1	-1.74156e-08	-0.995004	-1.00359e-07	-0.0998333	0.0998333	2.75725e-08	-0.995004	-0.72495	0.0338688	0.77252	
1.03189e-07	-1	-1.81209e-08	-0.995004	-1.00864e-07	-0.0998333	0.0998333	2.8332e-08	-0.995004	-0.72488	0.033905	0.77256	
1.03777e-07	-1	-1.88384e-08	-0.995004	-1.01378e-07	-0.0998333	0.0998333	2.91047e-08	-0.995004	-0.72481	0.0339414	0.7726	
1.04376e-07	-1	-1.95681e-08	-0.995004	-1.01901e-07	-0.0998333	0.0998333	2.98906e-08	-0.995004	-0.72474	0.0339779	0.77264	
1.04986e-07	-1	-2.031e-08	-0.995004	-1.02434e-07	-0.0998333	0.0998333	3.06896e-08	-0.995004	-0.72467	0.0340145	0.77268	
1.05605e-07	-1	-2.10639e-08	-0.995004	-1.02975e-07	-0.0998333	0.0998333	3.15016e-08	-0.995004	-0.7246	0.0340512	0.77272	
1.06235e-07	-1	-2.18298e-08	-0.995004	-1.03525e-07	-0.0998333	0.0998333	3.23265e-08	-0.995004	-0.72453	0.034088	0.77276	
1.06875e-07	-1	-2.26077e-08	-0.995004	-1.04084e-07	-0.0998333	0.0998333	3.31644e-08	-0.995004	-0.72446	0.0341249	0.7728	
1.07525e-07	-1	-2.33975e-08	-0.995004	-1.04652e-07	-0.0998333	0.0998333	3.40152e-08	-0.995004	-0.72439	0.034162	0.77284	
1.08185e-07	-1	-2.41991e-08	-0.995004	-1.05229e-07	-0.0998333	0.0998333	3.48787e-08	-0.995004	-0.72432	0.0341991	0.77288	
1.08855e-07	-1	-2.50125e-08	-0.995004	-1.05814e-07	-0.0998333	0.0998333	3.57549e-08	-0.995004	-0.72424	0.0342363	0.77292	
1.09535e-07	-1	-2.58375e-08	-0.995004	-1.06408e-07	-0.0998333	0.0998333	3.66437e-08	-0.995004	-0.72417	0.0342736	0.77296	
1.10225e-07	-1	-2.66742e-08	-0.995004	-1.07011e-07	-0.0998333	0.0998333	3.7545e-08	-0.995004	-0.7241	0.034311	0.773	
1.10925e-07	-1	-2.75223e-08	-0.995004	-1.07623e-07	-0.0998333	0.0998333	3.84588e-08	-0.995004	-0.72402	0.0343484	0.77304	
1.11635e-07	-1	-2.83818e-08	-0.995004	-1.08244e-07	-0.0998333	0.0998333	3.93849e-08	-0.995004	-0.72395	0.0343859	0.77308	
1.12354e-07	-1	-2.92526e-08	-0.995004	-1.08873e-07	-0.0998333	0.0998333	4.03232e-08	-0.995004	-0.72387	0.0344235	0.77312	
1.13084e-07	-1	-3.01347e-08	-0.995004	-1.0951e-07	-0.0998333	0.0998333	4.12736e-08	-0.995004	-0.72379	0.0344612	0.77316	
1.13822e-07	-1	-3.10278e-08	-0.995004	-1.10156e-07	-0.0998333	0.0998333	4.2236e-08	-0.995004	-0.72372	0.0344989	0.77321	
1.14571e-07	-1	-3.19319e-08	-0.995004	-1.10811e-07	-0.0998333	0.0998333	4.32103e-08	-0.995004	-0.72364	0.0345366	0.77325	
1.15329e-07	-1	-3.28468e-08	-0.995004	-1.11473e-07	-0.0998333	0.0998333	4.41964e-08	-0.995004	-0.72356	0.0345744	0.77329	
1.16096e-07	-1	-3.37725e-08	-0.995004	-1.12145e-07	-0.0998333	0.0998333	4.51941e-08	-0.995004	-0.72348	0.0346123	0.77333	
1.16873e-07	-1	-3.47088e-08	-0.995004	-1.12824e-07	-0.0998332	0.0998332	4.62032e-08	-0.995004	-0.7234	0.0346502	0.77337	
1.17659e-07	-1	-3.56556e-08	-0.995004	-1.13511e-07	-0.0998332	0.0998332	4.72237e-08	-0.995004	-0.72333	0.0346881	0.77341	
1.18454e-07	-1	-3.66127e-08	-0.995004	-1.14207e-07	-0.0998332	0.0998332	4.82555e-08	-0.995004	-0.72325	0.034726	0.77345	
1.19258e-07	-1	-3.75801e-08	-0.995004	-1.14911e-07	-0.0998332	0.0998332	4.92983e-08	-0.995004	-0.72317	0.034764	0.77349	
1.20071e-07	-1	-3.85575e-08	-0.995004	-1.15622e-07	-0.0998332	0.0998332	5.0352e-08	-0.995004	-0.72308	0.034802	0.77354	
1.20894e-07	-1	-3.95448e-08	-0.995004	-1.16342e-07	-0.0998332	0.0998332	5.14164e-08	-0.995004	-0.723	0.0348401	0.77358	
1.21724e-07	-1	-4.05419e-08	-0.995004	-1.17069e-07	-0.0998332	0.0998332	5.24915e-08	-0.995004	-0.72292	0.0348781	0.77362	
1.22564e-07	-1	-4.15486e-08	-0.995004	-1.17804e-07	-0.0998332	0.0998332	5.35769e-08	-0.995004	-0.72284	0.0349162	0.77366	
1.23412e-07	-1	-4.25647e-08	-0.995004	-1.18546e-07	-0.0998332	0.0998332	5.46727e-08	-0.995004	-0.72276	0.0349542	0.7737	
1.24269e-07	-1	-4.35901e-08	-0.995004	-1.19296e-07	-0.0998332	0.0998332	5.57785e-08	-0.995004	-0.72267	0.0349923	0.77375	
-0.000601411	-1	0.000101569	-0.995004	0.000588267	-0.0998312	0.0998311	-0.000161101	-0.995004	-0.72264	0.0350146	0.77375	
-0.00131799	-0.999999	0.000238419	-0.995004	0.00128761	-0.099823	0.0998226	-0.000368794	-0.995005	-0.72263	0.0350321	0.77375	
-0.00199896	-0.999998	0.000385332	-0.995005	0.00195052	-0.0998089	0.0998079	-0.000582921	-0.995007	-0.72261	0.0350487	0.77374	
-0.00264785	-0.999996	0.000541476	-0.995005	0.0025806	-0.0997893	0.0997875	-0.000802999	-0.995008	-0.7226	0.0350644	0.77374	
-0.00326792	-0.999994	0.000706063	-0.995006	0.00318117	-0.0997646	0.0997618	-0.00102856	-0.995011	-0.72258	0.0350795	0.77373	
-0.0038621	-0.999992	0.000878348	-0.995007	0.00375524	-0.099735	0.099731	-0.00125915	-0.995014	-0.72257	0.0350938	0.77373	
-0.00443307	-0.99999	0.00105767	-0.995008	0.00430553	-0.0997011	0.0996955	-0.00149437	-0.995017	-0.72256	0.0351076	0.77372	
-0.0049832	-0.999987	0.00124346	-0.99501	0.00483447	-0.0996629	0.0996555	-0.0017339	-0.99502	-0.72254	0.0351209	0.77371	
-0.00551469	-0.999984	0.00143519	-0.995011	0.00534429	-0.0996208	0.0996115	-0.00197741	-0.995024	-0.72253	0.0351336	0.77371	
-0.00602951	-0.99998	0.00163236	-0.995013	0.00583701	-0.099575	0.0995635	-0.00222461	-0.995029	-0.72252	0.035146	0.7737	
-0.00652946	-0.999977	0.00183451	-0.995015	0.00631447	-0.0995257	0.0995119	-0.00247522	-0.995033	-0.72251	0.035158	0.7737	
-0.00701615	-0.999973	0.00204123	-0.995017	0.00677832	-0.0994732	0.0994567	-0.00272898	-0.995038	-0.7225	0.0351696	0.77369	
-0.00749106	-0.999969	0.00225215	-0.99502	0.00723006	-0.0994177	0.0993983	-0.00298568	-0.995043	-0.72249	0.0351809	0.77369	
-0.0079555	-0.999965	0.00246691	-0.995022	0.00767106	-0.0993592	0.0993369	-0.00324509	-0.995049	-0.72248	0.035192	0.77368	
-0.00841069	-0.999961	0.00268521	-0.995025	0.00810252	-0.0992981	0.0992724	-0.00350702	-0.995054	-0.72247	0.0352029	0.77368	
-0.0088577	-0.999957	0.00290676	-0.995028	0.00852557	-0.0992343	0.0992052	-0.00377129	-0.99506	-0.72246	0.0352135	0.77367	
-0.00929751	-0.999952	0.00313128	-0.995031	0.00894122	-0.0991682	0.0991354	-0.00403774	-0.995066	-0.72245	0.035224	0.77367	
-0.0097306	-0.999947	0.00335421	-0.995034	0.00935036	-0.0990997	0.0990631	-0.00430185	-0.995072	-0.72243	0.0352343	0.77366	
-0.0101571	-0.999942	0.00357136	-0.995037	0.00975363	-0.0990292	0.0989887	-0.00455949	-0.995078	-0.72242	0.0352444	0.77366	
-0.0105776	-0.999937	0.00378311	-0.99504	0.0101514	-0.0989568	0.0989121	-0.00481107	-0.995085	-0.7224	0.0352544	0.77365	
-0.0109903	-0.999932	0.00398884	-0.995043	0.0105421	-0.098883	0.0988342	-0.00505582	-0.995091	-0.72238	0.0352644	0.77365	
-0.0113372	-0.999927	0.00416081	-0.995046	0.0108706	-0.0988208	0.0987683	-0.00526055	-0.995097	-0.72235	0.0352784	0.77365	
-0.0116097	-0.999923	0.00429528	-0.995048	0.0111288	-0.0987725	0.0987172	-0.00542072	-0.995101	-0.72231	0.0352968	0.77364	
-0.0118268	-0.99992	0.00440184	-0.995049	0.0113345	-0.0987347	0.0986769	-0.00554776	-0.995104	-0.72226	0.0353186	0.77364	
