0.995004	8.45921e-08	0.0998334	-8.45369e-08	1	-4.78312e-09	-0.0998334	-3.68037e-09	0.995004	-0.01244	1.0082	1.206	
0.995004	8.45921e-08	0.0998334	-8.45369e-08	1	-4.78312e-09	-0.0998334	-3.68037e-09	0.995004	-0.0124399	1.0082	1.206	
0.995004	8.45921e-08	0.0998334	-8.45369e-08	1	-4.78312e-09	-0.0998334	-3.68038e-09	0.995004	-0.0124396	1.0082	1.206	
0.995004	8.45921e-08	0.0998334	-8.45369e-08	1	-4.78312e-09	-0.0998334	-3.68038e-09	0.995004	-0.0124392	1.0082	1.206	
0.995004	8.45921e-08	0.0998334	-8.45369e-08	1	-4.78312e-09	-0.0998334	-3.68038e-09	0.995004	-0.0124386	1.0082	1.206	
0.995004	8.45921e-08	0.0998334	-8.45369e-08	1	-4.78312e-09	-0.0998334	-3.68038e-09	0.995004	-0.0124378	1.0082	1.206	
0.995004	8.45921e-08	0.0998334	-8.45369e-08	1	-4.78311e-09	-0.0998334	-3.68039e-09	0.995004	-0.0124369	1.0082	1.206	
0.995004	8.45921e-08	0.0998334	-8.45369e-08	1	-4.78311e-09	-0.0998334	-3.68039e-09	0.995004	-0.0124358	1.0082	1.20599	
0.995004	8.45921e-08	0.0998334	-8.45369e-08	1	-4.7831e-09	-0.0998334	-3.6804e-09	0.995004	-0.0124345	1.0082	1.20599	
0.995004	8.45921e-08	0.0998334	-8.45369e-08	1	-4.78309e-09	-0.0998334	-3.68041e-09	0.995004	-0.0124331	1.0082	1.20599	
0.995004	8.45921e-08	0.0998334	-8.45369e-08	1	-4.78307e-09	-0.0998334	-3.68043e-09	0.995004	-0.0124316	1.0082	1.20599	
0.995004	8.45921e-08	0.0998334	-8.45369e-08	1	-4.78305e-09	-0.0998334	-3.68045e-09	0.995004	-0.0124299	1.0082	1.20599	
0.995004	8.45921e-08	0.0998334	-8.45369e-08	1	-4.78303e-09	-0.0998334	-3.68047e-09	0.995004	-0.0124281	1.0082	1.20598	
0.995004	8.45921e-08	0.0998334	-8.45369e-08	1	-4.78301e-09	-0.0998334	-3.6805e-09	0.995004	-0.0124262	1.0082	1.20598	
0.995004	8.45921e-08	0.0998334	-8.4537e-08	1	-4.78298e-09	-0.0998334	-3.68053e-09	0.995004	-0.0124241	1.0082	1.20598	
0.995004	8.45921e-08	0.0998334	-8.4537e-08	1	-4.78295e-09	-0.0998334	-3.68056e-09	0.995004	-0.0124219	1.0082	1.20598	
0.995004	8.45922e-08	0.0998334	-8.4537e-08	1	-4.78291e-09	-0.0998334	-3.6806e-09	0.995004	-0.0124195	1.0082	1.20597	
0.995004	8.45922e-08	0.0998334	-8.4537e-08	1	-4.78286e-09	-0.0998334	-3.68065e-09	0.995004	-0.0124171	1.0082	1.20597	
0.995004	8.45922e-08	0.0998334	-8.45371e-08	1	-4.78281e-09	-0.0998334	-3.6807e-09	0.995004	-0.0124145	1.0082	1.20597	
0.995004	8.45922e-08	0.0998334	-8.45371e-08	1	-4.78276e-09	-0.0998334	-3.68076e-09	0.995004	-0.0124118	1.0082	1.20596	
0.995004	8.45923e-08	0.0998334	-8.45371e-08	1	-4.7827e-09	-0.0998334	-3.68082e-09	0.995004	-0.012409	1.0082	1.20596	
0.995004	8.45923e-08	0.0998334	-8.45372e-08	1	-4.78263e-09	-0.0998334	-3.6809e-09	0.995004	-0.012406	1.0082	1.20595	
0.995004	8.45923e-08	0.0998334	-8.45372e-08	1	-4.78255e-09	-0.0998334	-3.68097e-09	0.995004	-0.012403	1.0082	1.20595	
0.995004	8.45924e-08	0.0998334	-8.45372e-08	1	-4.78247e-09	-0.0998334	-3.68106e-09	0.995004	-0.0123999	1.0082	1.20594	
0.995004	8.45924e-08	0.0998334	-8.45373e-08	1	-4.78238e-09	-0.0998334	-3.68116e-09	0.995004	-0.0123966	1.0082	1.20594	
0.995004	8.45924e-08	0.0998334	-8.45374e-08	1	-4.78228e-09	-0.0998334	-3.68126e-09	0.995004	-0.0123933	1.0082	1.20593	
0.995004	8.45925e-08	0.0998334	-8.45374e-08	1	-4.78218e-09	-0.0998334	-3.68137e-09	0.995004	-0.0123899	1.0082	1.20593	
0.995004	8.45926e-08	0.0998334	-8.45375e-08	1	-4.78206e-09	-0.0998334	-3.68149e-09	0.995004	-0.0123863	1.0082	1.20592	
0.995004	8.45926e-08	0.0998334	-8.45375e-08	1	-4.78194e-09	-0.0998334	-3.68162e-09	0.995004	-0.0123827	1.0082	1.20592	
0.995004	8.45927e-08	0.0998334	-8.45376e-08	1	-4.7818e-09	-0.0998334	-3.68176e-09	0.995004	-0.012379	1.0082	1.20591	
0.995004	8.45927e-08	0.0998334	-8.45377e-08	1	-4.78166e-09	-0.0998334	-3.68191e-09	0.995004	-0.0123752	1.0082	1.2059	
0.995004	8.45928e-08	0.0998334	-8.45378e-08	1	-4.78151e-09	-0.0998334	-3.68207e-09	0.995004	-0.0123713	1.0082	1.2059	
0.995004	8.45929e-08	0.0998334	-8.45379e-08	1	-4.78135e-09	-0.0998334	-3.68225e-09	0.995004	-0.0123674	1.0082	1.20589	
0.995004	8.4593e-08	0.0998334	-8.4538e-08	1	-4.78117e-09	-0.0998334	-3.68243e-09	0.995004	-0.0123633	1.0082	1.20588	
0.995004	8.45931e-08	0.0998334	-8.45381e-08	1	-4.78099e-09	-0.0998334	-3.68262e-09	0.995004	-0.0123592	1.0082	1.20588	
0.995004	8.45932e-08	0.0998334	-8.45382e-08	1	-4.78079e-09	-0.0998334	-3.68283e-09	0.995004	-0.012355	1.0082	1.20587	
0.995004	8.45933e-08	0.0998334	-8.45384e-08	1	-4.78058e-09	-0.0998334	-3.68305e-09	0.995004	-0.0123508	1.0082	1.20586	
0.995004	8.45934e-08	0.0998334	-8.45385e-08	1	-4.78036e-09	-0.0998334	-3.68328e-09	0.995004	-0.0123464	1.0082	1.20586	
0.995004	8.45935e-08	0.0998334	-8.45386e-08	1	-4.78013e-09	-0.0998334	-3.68353e-09	0.995004	-0.012342	1.0082	1.20585	
0.995004	8.45936e-08	0.0998334	-8.45388e-08	1	-4.77989e-09	-0.0998334	-3.68379e-09	0.995004	-0.0123376	1.0082	1.20584	
0.995004	8.45938e-08	0.0998334	-8.45389e-08	1	-4.77963e-09	-0.0998334	-3.68406e-09	0.995004	-0.0123331	1.0082	1.20583	
0.995004	8.45939e-08	0.0998334	-8.45391e-08	1	-4.77936e-09	-0.0998334	-3.68435e-09	0.995004	-0.0123285	1.0082	1.20582	
0.995004	8.4594e-08	0.0998334	-8.45393e-08	1	-4.77907e-09	-0.0998334	-3.68465e-09	0.995004	-0.0123238	1.0082	1.20581	
0.995004	8.45942e-08	0.0998334	-8.45395e-08	1	-4.77877e-09	-0.0998334	-3.68496e-09	0.995004	-0.0123191	1.0082	1.20581	
0.995004	8.45944e-08	0.0998334	-8.45397e-08	1	-4.77846e-09	-0.0998334	-3.6853e-09	0.995004	-0.0123144	1.0082	1.2058	
0.995004	8.45945e-08	0.0998334	-8.45399e-08	1	-4.77813e-09	-0.0998334	-3.68564e-09	0.995004	-0.0123096	1.0082	1.20579	
0.995004	8.45947e-08	0.0998334	-8.45401e-08	1	-4.77778e-09	-0.0998334	-3.68601e-09	0.995004	-0.0123047	1.0082	1.20578	
0.995004	8.45949e-08	0.0998334	-8.45403e-08	1	-4.77743e-09	-0.0998334	-3.68639e-09	0.995004	-0.0122998	1.0082	1.20577	
0.995004	8.45951e-08	0.0998334	-8.45405e-08	1	-4.77705e-09	-0.0998334	-3.68678e-09	0.995004	-0.0122948	1.0082	1.20576	
0.995004	8.45953e-08	0.0998334	-8.45408e-08	1	-4.77666e-09	-0.0998334	-3.6872e-09	0.995004	-0.0122898	1.0082	1.20575	
0.995004	8.45955e-08	0.0998334	-8.45411e-08	1	-4.77625e-09	-0.0998334	-3.68763e-09	0.995004	-0.0122848	1.0082	1.20574	
0.995004	8.45958e-08	0.0998334	-8.45413e-08	1	-4.77583e-09	-0.0998334	-3.68808e-09	0.995004	-0.0122797	1.0082	1.20573	
0.995004	8.4596e-08	0.0998334	-8.45416e-08	1	-4.77539e-09	-0.0998334	-3.68854e-09	0.995004	-0.0122746	1.0082	1.20572	
0.995004	8.45962e-08	0.0998334	-8.45419e-08	1	-4.77493e-09	-0.0998334	-3.68903e-09	0.995004	-0.0122694	1.0082	1.20571	
0.995004	8.45965e-08	0.0998334	-8.45422e-08	1	-4.77445e-09	-0.0998334	-3.68953e-09	0.995004	-0.0122642	1.0082	1.2057	
0.995004	8.45968e-08	0.0998334	-8.45425e-08	1	-4.77396e-09	-0.0998334	-3.69006e-09	0.995004	-0.012259	1.0082	1.20569	
0.995004	8.4597e-08	0.0998334	-8.45429e-08	1	-4.77345e-09	-0.0998334	-3.6906e-09	0.995004	-0.0122537	1.0082	1.20567	
0.995004	8.45973e-08	0.0998334	-8.45432e-08	1	-4.77292e-09	-0.0998334	-3.69116e-09	0.995004	-0.0122484	1.0082	1.20566	
0.995004	8.45976e-08	0.0998334	-8.45436e-08	1	-4.77237e-09	-0.0998334	-3.69174e-09	0.995004	-0.0122431	1.0082	1.20565	
0.995004	8.4598e-08	0.0998334	-8.45439e-08	1	-4.7718e-09	-0.0998334	-3.69235e-09	0.995004	-0.0122377	1.0082	1.20564	
0.995004	8.45983e-08	0.0998334	-8.45443e-08	1	-4.77121e-09	-0.0998334	-3.69297e-09	0.995004	-0.0122323	1.0082	1.20563	
0.995004	8.45986e-08	0.0998334	-8.45447e-08	1	-4.7706e-09	-0.0998334	-3.69362e-09	0.995004	-0.0122269	1.0082	1.20561	
0.995004	8.4599e-08	0.0998334	-8.45451e-08	1	-4.76997e-09	-0.0998334	-3.69428e-09	0.995004	-0.0122215	1.0082	1.2056	
0.995004	8.45993e-08	0.0998334	-8.45456e-08	1	-4.76933e-09	-0.0998334	-3.69497e-09	0.995004	-0.012216	1.0082	1.20559	
0.995004	8.45997e-08	0.0998334	-8.4546e-08	1	-4.76866e-09	-0.0998334	-3.69568e-09	0.995004	-0.0122106	1.0082	1.20558	
0.995004	8.46001e-08	0.0998334	-8.45465e-08	1	-4.76797e-09	-0.0998334	-3.69641e-09	0.995004	-0.0122051	1.0082	1.20556	
0.995004	8.46005e-08	0.0998334	-8.45469e-08	1	-4.76725e-09	-0.0998334	-3.69717e-09	0.995004	-0.0121996	1.0082	1.20555	
0.995004	8.46009e-08	0.0998334	-8.45474e-08	1	-4.76652e-09	-0.0998334	-3.69795e-09	0.995004	-0.012194	1.0082	1.20554	
0.995004	8.46013e-08	0.0998334	-8.45479e-08	1	-4.76577e-09	-0.0998334	-3.69875e-09	0.995004	-0.0121885	1.0082	1.20552	
0.995004	8.46018e-08	0.0998334	-8.45485e-08	1	-4.76499e-09	-0.0998334	-3.69958e-09	0.995004	-0.0121829	1.0082	1.20551	
0.995004	8.46022e-08	0.0998334	-8.4549e-08	1	-4.76419e-09	-0.0998334	-3.70043e-09	0.995004	-0.0121774	1.0082	1.2055	
0.995004	8.46027e-08	0.0998334	-8.45496e-08	1	-4.76336e-09	-0.0998334	-3.7013e-09	0.995004	-0.0121718	1.0082	1.20548	
0.995004	8.46032e-08	0.0998334	-8.45501e-08	1	-4.76252e-09	-0.0998334	-3.7022e-09	0.995004	-0.0121662	1.0082	1.20547	
0.995004	8.46037e-08	0.0998334	-8.45507e-08	1	-4.76165e-09	-0.0998334	-3.70313e-09	0.995004	-0.0121606	1.0082	1.20545	
0.995004	8.46042e-08	0.0998334	-8.45513e-08	1	-4.76076e-09	-0.0998334	-3.70408e-09	0.995004	-0.012155	1.0082	1.20544	
0.995004	8.46047e-08	0.0998334	-8.4552e-08	1	-4.75984e-09	-0.0998334	-3.70505e-09	0.995004	-0.0121494	1.0082	1.20542	
0.995004	8.46053e-08	0.0998334	-8.45526e-08	1	-4.7589e-09	-0.0998334	-3.70605e-09	0.995004	-0.0121437	1.0082	1.20541	
0.995004	8.46059e-08	0.0998334	-8.45533e-08	1	-4.75793e-09	-0.0998334	-3.70708e-09	0.995004	-0.0121381	1.0082	1.20539	
0.995004	8.46064e-08	0.0998334	-8.4554e-08	1	-4.75694e-09	-0.0998334	-3.70813e-09	0.995004	-0.0121325	1.0082	1.20538	
0.995004	8.4607e-08	0.0998334	-8.45547e-08	1	-4.75592e-09	-0.0998334	-3.70921e-09	0.995004	-0.0121269	1.0082	1.20536	
0.995004	8.46076e-08	0.0998334	-8.45554e-08	1	-4.75488e-09	-0.0998334	-3.71032e-09	0.995004	-0.0121212	1.0082	1.20535	
0.995004	8.46083e-08	0.0998334	-8.45561e-08	1	-4.75382e-09	-0.0998334	-3.71145e-09	0.995004	-0.0121156	1.0082	1.20533	
0.995004	8.46089e-08	0.0998334	-8.45569e-08	1	-4.75272e-09	-0.0998334	-3.71262e-09	0.995004	-0.01211	1.0082	1.20532	
0.995004	8.46096e-08	0.0998334	-8.45576e-08	1	-4.75161e-09	-0.0998334	-3.71381e-09	0.995004	-0.0121043	1.0082	1.2053	
0.995004	8.46103e-08	0.0998334	-8.45584e-08	1	-4.75046e-09	-0.0998334	-3.71503e-09	0.995004	-0.0120987	1.0082	1.20528	
0.995004	8.46109e-08	0.0998334	-8.45593e-08	1	-4.74929e-09	-0.0998334	-3.71627e-09	0.995004	-0.0120931	1.0082	1.20527	
0.995004	8.46117e-08	0.0998334	-8.45601e-08	1	-4.74809e-09	-0.0998334	-3.71755e-09	0.995004	-0.0120875	1.0082	1.20525	
0.995004	8.46124e-08	0.0998334	-8.45609e-08	1	-4.74687e-09	-0.0998334	-3.71885e-09	0.995004	-0.0120819	1.0082	1.20523	
0.995004	8.46131e-08	0.0998334	-8.45618e-08	1	-4.74561e-09	-0.0998334	-3.72019e-09	0.995004	-0.0120763	1.0082	1.20522	
0.995004	8.46139e-08	0.0998334	-8.45627e-08	1	-4.74433e-09	-0.0998334	-3.72155e-09	0.995004	-0.0120707	1.0082	1.2052	
0.995004	8.46147e-08	0.0998334	-8.45636e-08	1	-4.74303e-09	-0.0998334	-3.72294e-09	0.995004	-0.0120651	1.0082	1.20518	
0.995004	8.46155e-08	0.0998334	-8.45646e-08	1	-4.74169e-09	-0.0998334	-3.72437e-09	0.995004	-0.0120595	1.0082	1.20516	
0.995004	8.46163e-08	0.0998334	-8.45656e-08	1	-4.74033e-09	-0.0998334	-3.72582e-09	0.995004	-0.0120539	1.0082	1.20515	
0.995004	8.46172e-08	0.0998334	-8.45665e-08	1	-4.73893e-09	-0.0998334	-3.7273e-09	0.995004	-0.0120484	1.0082	1.20513	
0.995004	8.4618e-08	0.0998334	-8.45675e-08	1	-4.73751e-09	-0.0998334	-3.72882e-09	0.995004	-0.0120428	1.0082	1.20511	
0.995004	8.46189e-08	0.0998334	-8.45686e-08	1	-4.73606e-09	-0.0998334	-3.73036e-09	0.995004	-0.0120373	1.0082	1.20509	
0.995004	8.46198e-08	0.0998334	-8.45696e-08	1	-4.73458e-09	-0.0998334	-3.73194e-09	0.995004	-0.0120318	1.0082	1.20507	
0.995004	8.46207e-08	0.0998334	-8.45707e-08	1	-4.73308e-09	-0.0998334	-3.73355e-09	0.995004	-0.0120263	1.0082	1.20505	
0.995004	8.46217e-08	0.0998334	-8.45718e-08	1	-4.73154e-09	-0.0998334	-3.73519e-09	0.995004	-0.0120208	1.0082	1.20503	
0.995004	8.46226e-08	0.0998334	-8.45729e-08	1	-4.72997e-09	-0.0998334	-3.73686e-09	0.995004	-0.0120153	1.0082	1.20502	
0.995004	8.46236e-08	0.0998334	-8.45741e-08	1	-4.72837e-09	-0.0998334	-3.73856e-09	0.995004	-0.0120098	1.0082	1.205	
0.995004	8.46246e-08	0.0998334	-8.45752e-08	1	-4.72675e-09	-0.0998334	-3.7403e-09	0.995004	-0.0120044	1.0082	1.20498	
0.995004	8.46256e-08	0.0998334	-8.45764e-08	1	-4.72509e-09	-0.0998334	-3.74207e-09	0.995004	-0.011999	1.0082	1.20496	
0.995004	8.46267e-08	0.0998334	-8.45776e-08	1	-4.7234e-09	-0.0998334	-3.74387e-09	0.995004	-0.0119936	1.0082	1.20494	
0.995004	8.46277e-08	0.0998334	-8.45789e-08	1	-4.72168e-09	-0.0998334	-3.74571e-09	0.995004	-0.0119882	1.0082	1.20492	
0.995004	8.46288e-08	0.0998334	-8.45801e-08	1	-4.71993e-09	-0.0998334	-3.74757e-09	0.995004	-0.0119828	1.0082	1.2049	
0.995004	8.46299e-08	0.0998334	-8.45814e-08	1	-4.71815e-09	-0.0998334	-3.74947e-09	0.995004	-0.0119775	1.0082	1.20488	
0.995004	8.4631e-08	0.0998334	-8.45827e-08	1	-4.71634e-09	-0.0998334	-3.75141e-09	0.995004	-0.0119721	1.0082	1.20486	
0.995004	8.46322e-08	0.0998334	-8.45841e-08	1	-4.71449e-09	-0.0998334	-3.75338e-09	0.995004	-0.0119668	1.0082	1.20484	
0.995004	8.46333e-08	0.0998334	-8.45854e-08	1	-4.71262e-09	-0.0998334	-3.75538e-09	0.995004	-0.0119616	1.0082	1.20482	
0.995004	8.46345e-08	0.0998334	-8.45868e-08	1	-4.71071e-09	-0.0998334	-3.75742e-09	0.995004	-0.0119563	1.0082	1.2048	
0.995004	8.46357e-08	0.0998334	-8.45882e-08	1	-4.70877e-09	-0.0998334	-3.75949e-09	0.995004	-0.0119511	1.0082	1.20477	
0.995004	8.4637e-08	0.0998334	-8.45897e-08	1	-4.7068e-09	-0.0998334	-3.76159e-09	0.995004	-0.0119459	1.0082	1.20475	
0.995004	8.46382e-08	0.0998334	-8.45911e-08	1	-4.70479e-09	-0.0998334	-3.76373e-09	0.995004	-0.0119407	1.0082	1.20473	
0.995004	8.46395e-08	0.0998334	-8.45926e-08	1	-4.70275e-09	-0.0998334	-3.76591e-09	0.995004	-0.0119355	1.0082	1.20471	
0.995004	8.46408e-08	0.0998334	-8.45942e-08	1	-4.70069e-09	-0.0998334	-3.76812e-09	0.995004	-0.0119304	1.0082	1.20469	
0.995004	8.46421e-08	0.0998334	-8.45957e-08	1	-4.69858e-09	-0.0998334	-3.77037e-09	0.995004	-0.0119253	1.0082	1.20467	
0.995004	8.46435e-08	0.0998334	-8.45973e-08	1	-4.69645e-09	-0.0998334	-3.77265e-09	0.995004	-0.0119202	1.0082	1.20464	
0.995004	8.46449e-08	0.0998334	-8.45989e-08	1	-4.69428e-09	-0.0998334	-3.77496e-09	0.995004	-0.0119151	1.0082	1.20462	
0.995004	8.46463e-08	0.0998334	-8.46005e-08	1	-4.69208e-09	-0.0998334	-3.77732e-09	0.995004	-0.0119101	1.0082	1.2046	
0.995004	8.46477e-08	0.0998334	-8.46021e-08	1	-4.68984e-09	-0.0998334	-3.7797e-09	0.995004	-0.0119051	1.0082	1.20458	
0.995004	8.46491e-08	0.0998334	-8.46038e-08	1	-4.68757e-09	-0.0998334	-3.78213e-09	0.995004	-0.0119001	1.0082	1.20455	
0.995004	8.46506e-08	0.0998334	-8.46055e-08	1	-4.68527e-09	-0.0998334	-3.78459e-09	0.995004	-0.0118952	1.0082	1.20453	
0.995004	8.46521e-08	0.0998334	-8.46072e-08	1	-4.68294e-09	-0.0998334	-3.78708e-09	0.995004	-0.0118903	1.0082	1.20451	
0.995004	8.46536e-08	0.0998334	-8.4609e-08	1	-4.68057e-09	-0.0998334	-3.78962e-09	0.995004	-0.0118854	1.0082	1.20449	
0.995004	8.46551e-08	0.0998334	-8.46108e-08	1	-4.67816e-09	-0.0998334	-3.79219e-09	0.995004	-0.0118805	1.0082	1.20446	
0.995004	8.46567e-08	0.0998334	-8.46126e-08	1	-4.67573e-09	-0.0998334	-3.79479e-09	0.995004	-0.0118757	1.0082	1.20444	
0.995004	8.46582e-08	0.0998334	-8.46144e-08	1	-4.67325e-09	-0.0998334	-3.79744e-09	0.995004	-0.0118709	1.0082	1.20442	
0.995004	8.46598e-08	0.0998334	-8.46163e-08	1	-4.67075e-09	-0.0998334	-3.80012e-09	0.995004	-0.0118662	1.0082	1.20439	
0.995004	8.46615e-08	0.0998334	-8.46182e-08	1	-4.66821e-09	-0.0998334	-3.80284e-09	0.995004	-0.0118614	1.0082	1.20437	
0.995004	8.46631e-08	0.0998334	-8.46201e-08	1	-4.66563e-09	-0.0998334	-3.80559e-09	0.995004	-0.0118567	1.0082	1.20434	
0.995004	8.46648e-08	0.0998334	-8.4622e-08	1	-4.66302e-09	-0.0998334	-3.80838e-09	0.995004	-0.0118521	1.0082	1.20432	
0.995004	8.46665e-08	0.0998334	-8.4624e-08	1	-4.66037e-09	-0.0998334	-3.81121e-09	0.995004	-0.0118474	1.0082	1.20429	
0.995004	8.46682e-08	0.0998334	-8.4626e-08	1	-4.65769e-09	-0.0998334	-3.81408e-09	0.995004	-0.0118428	1.0082	1.20427	
0.995004	8.467e-08	0.0998334	-8.46281e-08	1	-4.65497e-09	-0.0998334	-3.81699e-09	0.995004	-0.0118383	1.0082	1.20425	
0.995004	8.46718e-08	0.0998334	-8.46301e-08	1	-4.65222e-09	-0.0998334	-3.81993e-09	0.995004	-0.0118337	1.0082	1.20422	
0.995004	8.46736e-08	0.0998334	-8.46322e-08	1	-4.64944e-09	-0.0998334	-3.82291e-09	0.995004	-0.0118292	1.0082	1.2042	
0.995004	8.46754e-08	0.0998334	-8.46343e-08	1	-4.64661e-09	-0.0998334	-3.82593e-09	0.995004	-0.0118248	1.0082	1.20417	
0.995004	8.46773e-08	0.0998334	-8.46365e-08	1	-4.64375e-09	-0.0998334	-3.82899e-09	0.995004	-0.0118203	1.0082	1.20415	
0.995004	8.46792e-08	0.0998334	-8.46387e-08	1	-4.64086e-09	-0.0998334	-3.83209e-09	0.995004	-0.0118159	1.0082	1.20412	
0.995004	8.46811e-08	0.0998334	-8.46409e-08	1	-4.63793e-09	-0.0998334	-3.83522e-09	0.995004	-0.0118116	1.0082	1.20409	
0.995004	8.4683e-08	0.0998334	-8.46431e-08	1	-4.63497e-09	-0.0998334	-3.8384e-09	0.995004	-0.0118072	1.0082	1.20407	
0.995004	8.46849e-08	0.0998334	-8.46454e-08	1	-4.63197e-09	-0.0998334	-3.84161e-09	0.995004	-0.0118029	1.0082	1.20404	
0.995004	8.46869e-08	0.0998334	-8.46477e-08	1	-4.62893e-09	-0.0998334	-3.84486e-09	0.995004	-0.0117987	1.0082	1.20402	
0.995004	8.46889e-08	0.0998334	-8.465e-08	1	-4.62585e-09	-0.0998334	-3.84815e-09	0.995004	-0.0117945	1.0082	1.20399	
0.995004	8.4691e-08	0.0998334	-8.46524e-08	1	-4.62274e-09	-0.0998334	-3.85149e-09	0.995004	-0.0117903	1.0082	1.20396	
0.995004	8.4693e-08	0.0998334	-8.46548e-08	1	-4.6196e-09	-0.0998334	-3.85485e-09	0.995004	-0.0117861	1.0082	1.20394	
0.995004	8.46951e-08	0.0998334	-8.46572e-08	1	-4.61641e-09	-0.0998334	-3.85826e-09	0.995004	-0.011782	1.0082	1.20391	
0.995004	8.46972e-08	0.0998334	-8.46596e-08	1	-4.6132e-09	-0.0998334	-3.86171e-09	0.995004	-0.0117779	1.0082	1.20388	
0.995004	8.46994e-08	0.0998334	-8.46621e-08	1	-4.60994e-09	-0.0998334	-3.86519e-09	0.995004	-0.0117739	1.0082	1.20386	
0.995004	8.47015e-08	0.0998334	-8.46646e-08	1	-4.60665e-09	-0.0998334	-3.86872e-09	0.995004	-0.0117699	1.0082	1.20383	
0.995004	8.47037e-08	0.0998334	-8.46671e-08	1	-4.60332e-09	-0.0998334	-3.87228e-09	0.995004	-0.0117659	1.0082	1.2038	
0.995004	8.47059e-08	0.0998334	-8.46697e-08	1	-4.59996e-09	-0.0998334	-3.87589e-09	0.995004	-0.011762	1.0082	1.20377	
0.995004	8.47082e-08	0.0998334	-8.46723e-08	1	-4.59656e-09	-0.0998334	-3.87953e-09	0.995004	-0.0117581	1.0082	1.20375	
0.995004	8.47105e-08	0.0998334	-8.46749e-08	1	-4.59312e-09	-0.0998334	-3.88321e-09	0.995004	-0.0117543	1.0082	1.20372	
0.995004	8.47128e-08	0.0998334	-8.46776e-08	1	-4.58964e-09	-0.0998334	-3.88693e-09	0.995004	-0.0117505	1.0082	1.20369	
0.995004	8.47151e-08	0.0998334	-8.46803e-08	1	-4.58613e-09	-0.0998334	-3.8907e-09	0.995004	-0.0117467	1.0082	1.20366	
0.995004	8.47174e-08	0.0998334	-8.4683e-08	1	-4.58259e-09	-0.0998334	-3.8945e-09	0.995004	-0.011743	1.0082	1.20363	
0.995004	8.47198e-08	0.0998334	-8.46857e-08	1	-4.579e-09	-0.0998334	-3.89834e-09	0.995004	-0.0117393	1.0082	1.20361	
0.995004	8.47222e-08	0.0998334	-8.46885e-08	1	-4.57538e-09	-0.0998334	-3.90222e-09	0.995004	-0.0117356	1.0082	1.20358	
0.995004	8.47246e-08	0.0998334	-8.46913e-08	1	-4.57173e-09	-0.0998334	-3.90614e-09	0.995004	-0.011732	1.0082	1.20355	
0.995004	8.47271e-08	0.0998334	-8.46942e-08	1	-4.56803e-09	-0.0998334	-3.9101e-09	0.995004	-0.0117284	1.0082	1.20352	
0.995004	8.47296e-08	0.0998334	-8.4697e-08	1	-4.5643e-09	-0.0998334	-3.91409e-09	0.995004	-0.0117249	1.0082	1.20349	
0.995004	8.47321e-08	0.0998334	-8.46999e-08	1	-4.56053e-09	-0.0998334	-3.91813e-09	0.995004	-0.0117214	1.0082	1.20346	
0.995004	8.47346e-08	0.0998334	-8.47029e-08	1	-4.55673e-09	-0.0998334	-3.92221e-09	0.995004	-0.0117179	1.0082	1.20343	
0.995004	8.47372e-08	0.0998334	-8.47058e-08	1	-4.55289e-09	-0.0998334	-3.92633e-09	0.995004	-0.0117145	1.0082	1.2034	
0.995004	8.47398e-08	0.0998334	-8.47088e-08	1	-4.54901e-09	-0.0998334	-3.93049e-09	0.995004	-0.0117111	1.0082	1.20337	
0.995004	8.47424e-08	0.0998334	-8.47118e-08	1	-4.54509e-09	-0.0998334	-3.93468e-09	0.995004	-0.0117077	1.0082	1.20335	
0.995004	8.4745e-08	0.0998334	-8.47149e-08	1	-4.54114e-09	-0.0998334	-3.93892e-09	0.995004	-0.0117044	1.0082	1.20332	
0.995004	8.47477e-08	0.0998334	-8.4718e-08	1	-4.53715e-09	-0.0998334	-3.9432e-09	0.995004	-0.0117012	1.0082	1.20329	
0.995004	8.47504e-08	0.0998334	-8.47211e-08	1	-4.53312e-09	-0.0998334	-3.94752e-09	0.995004	-0.0116979	1.0082	1.20326	
0.995004	8.47531e-08	0.0998334	-8.47243e-08	1	-4.52906e-09	-0.0998334	-3.95187e-09	0.995004	-0.0116947	1.0082	1.20323	
0.995004	8.47559e-08	0.0998334	-8.47274e-08	1	-4.52496e-09	-0.0998334	-3.95627e-09	0.995004	-0.0116916	1.0082	1.20319	
0.995004	8.47587e-08	0.0998334	-8.47306e-08	1	-4.52082e-09	-0.0998334	-3.96071e-09	0.995004	-0.0116885	1.0082	1.20316	
0.995004	8.47615e-08	0.0998334	-8.47339e-08	1	-4.51665e-09	-0.0998334	-3.96519e-09	0.995004	-0.0116854	1.0082	1.20313	
0.995004	8.47643e-08	0.0998334	-8.47371e-08	1	-4.51244e-09	-0.0998334	-3.9697e-09	0.995004	-0.0116824	1.0082	1.2031	
0.995004	8.47672e-08	0.0998334	-8.47405e-08	1	-4.50819e-09	-0.0998334	-3.97426e-09	0.995004	-0.0116794	1.0082	1.20307	
0.995004	8.47701e-08	0.0998334	-8.47438e-08	1	-4.50391e-09	-0.0998334	-3.97885e-09	0.995004	-0.0116765	1.0082	1.20304	
0.995004	8.4773e-08	0.0998334	-8.47471e-08	1	-4.49959e-09	-0.0998334	-3.98348e-09	0.995004	-0.0116735	1.0082	1.20301	
0.995004	8.47759e-08	0.0998334	-8.47505e-08	1	-4.49523e-09	-0.0998334	-3.98816e-09	0.995004	-0.0116707	1.0082	1.20298	
0.995004	8.47789e-08	0.0998334	-8.4754e-08	1	-4.49084e-09	-0.0998334	-3.99287e-09	0.995004	-0.0116678	1.0082	1.20295	
0.995004	8.47819e-08	0.0998334	-8.47574e-08	1	-4.48641e-09	-0.0998334	-3.99762e-09	0.995004	-0.0116651	1.0082	1.20292	
0.995004	8.47849e-08	0.0998334	-8.47609e-08	1	-4.48194e-09	-0.0998334	-4.00242e-09	0.995004	-0.0116623	1.0082	1.20288	
0.995004	8.4788e-08	0.0998334	-8.47644e-08	1	-4.47744e-09	-0.0998334	-4.00725e-09	0.995004	-0.0116596	1.0082	1.20285	
0.995004	8.4791e-08	0.0998334	-8.4768e-08	1	-4.4729e-09	-0.0998334	-4.01212e-09	0.995004	-0.0116569	1.0082	1.20282	
0.995004	8.47941e-08	0.0998334	-8.47715e-08	1	-4.46833e-09	-0.0998334	-4.01703e-09	0.995004	-0.0116543	1.0082	1.20279	
0.995004	8.47973e-08	0.0998334	-8.47752e-08	1	-4.46372e-09	-0.0998334	-4.02197e-09	0.995004	-0.0116517	1.0082	1.20276	
0.995004	8.48004e-08	0.0998334	-8.47788e-08	1	-4.45907e-09	-0.0998334	-4.02696e-09	0.995004	-0.0116492	1.0082	1.20272	
0.995004	8.48036e-08	0.0998334	-8.47825e-08	1	-4.45439e-09	-0.0998334	-4.03198e-09	0.995004	-0.0116467	1.0082	1.20269	
0.995004	8.48068e-08	0.0998334	-8.47862e-08	1	-4.44967e-09	-0.0998334	-4.03705e-09	0.995004	-0.0116442	1.0082	1.20266	
0.995004	8.481e-08	0.0998334	-8.47899e-08	1	-4.44492e-09	-0.0998334	-4.04215e-09	0.995004	-0.0116418	1.0082	1.20263	
0.995004	8.48133e-08	0.0998334	-8.47936e-08	1	-4.44013e-09	-0.0998334	-4.04729e-09	0.995004	-0.0116394	1.0082	1.20259	
0.995004	8.48166e-08	0.0998334	-8.47974e-08	1	-4.43531e-09	-0.0998334	-4.05247e-09	0.995004	-0.011637	1.0082	1.20256	
0.995004	8.48199e-08	0.0998334	-8.48013e-08	1	-4.43044e-09	-0.0998334	-4.05769e-09	0.995004	-0.0116347	1.0082	1.20253	
0.995004	8.48233e-08	0.0998334	-8.48051e-08	1	-4.42555e-09	-0.0998334	-4.06294e-09	0.995004	-0.0116325	1.0082	1.20249	
0.995004	8.48266e-08	0.0998334	-8.4809e-08	1	-4.42062e-09	-0.0998334	-4.06824e-09	0.995004	-0.0116302	1.0082	1.20246	
0.995004	8.483e-08	0.0998334	-8.48129e-08	1	-4.41565e-09	-0.0998334	-4.07357e-09	0.995004	-0.011628	1.0082	1.20243	
0.995004	8.48334e-08	0.0998334	-8.48168e-08	1	-4.41065e-09	-0.0998334	-4.07894e-09	0.995004	-0.0116259	1.0082	1.20239	
0.995004	8.48369e-08	0.0998334	-8.48208e-08	1	-4.40561e-09	-0.0998334	-4.08435e-09	0.995004	-0.0116238	1.0082	1.20236	
0.995004	8.48404e-08	0.0998334	-8.48248e-08	1	-4.40054e-09	-0.0998334	-4.08979e-09	0.995004	-0.0116217	1.0082	1.20233	
0.995004	8.48439e-08	0.0998334	-8.48288e-08	1	-4.39543e-09	-0.0998334	-4.09528e-09	0.995004	-0.0116197	1.0082	1.20229	
0.995004	8.48481e-08	0.0998334	-8.48337e-08	1	-4.38927e-09	-0.0998334	-4.10189e-09	0.995004	-0.0116183	1.0082	1.20226	
0.995004	8.48538e-08	0.0998334	-8.48403e-08	1	-4.38103e-09	-0.0998334	-4.11075e-09	0.995004	-0.0116178	1.0082	1.20222	
0.995004	8.48611e-08	0.0998334	-8.48487e-08	1	-4.37045e-09	-0.0998334	-4.12212e-09	0.995004	-0.0116184	1.0082	1.20219	
0.995004	8.48703e-08	0.0998334	-8.48593e-08	1	-4.35726e-09	-0.0998334	-4.13629e-09	0.995004	-0.0116199	1.00819	1.20215	
0.995004	8.48815e-08	0.0998334	-8.48721e-08	1	-4.34122e-09	-0.0998334	-4.15354e-09	0.995004	-0.0116224	1.00819	1.20212	
0.995004	8.48949e-08	0.0998334	-8.48875e-08	1	-4.32205e-09	-0.0998334	-4.17415e-09	0.995004	-0.0116258	1.00818	1.20209	
0.995004	8.49107e-08	0.0998334	-8.49056e-08	1	-4.29952e-09	-0.0998334	-4.19838e-09	0.995004	-0.0116301	1.00818	1.20205	
0.995004	8.4929e-08	0.0998334	-8.49267e-08	1	-4.27336e-09	-0.0998334	-4.22651e-09	0.995004	-0.0116354	1.00817	1.20202	
0.995004	8.49501e-08	0.0998334	-8.49509e-08	1	-4.24333e-09	-0.0998334	-4.25881e-09	0.995004	-0.0116415	1.00816	1.20198	
0.995004	8.49741e-08	0.0998334	-8.49785e-08	1	-4.20918e-09	-0.0998334	-4.29554e-09	0.995004	-0.0116485	1.00815	1.20195	
0.995004	8.50012e-08	0.0998334	-8.50096e-08	1	-4.17066e-09	-0.0998334	-4.33697e-09	0.995004	-0.0116563	1.00814	1.20191	
0.995004	8.50316e-08	0.0998334	-8.50444e-08	1	-4.12753e-09	-0.0998334	-4.38336e-09	0.995004	-0.0116649	1.00813	1.20188	
0.995004	8.50654e-08	0.0998334	-8.50832e-08	1	-4.07956e-09	-0.0998334	-4.43496e-09	0.995004	-0.0116744	1.00812	1.20184	
0.995004	8.51028e-08	0.0998334	-8.51261e-08	1	-4.0265e-09	-0.0998334	-4.49204e-09	0.995004	-0.0116847	1.0081	1.20181	
0.995004	8.5144e-08	0.0998334	-8.51734e-08	1	-3.96813e-09	-0.0998334	-4.55485e-09	0.995004	-0.0116957	1.00809	1.20177	
0.995004	8.51892e-08	0.0998334	-8.52252e-08	1	-3.9042e-09	-0.0998334	-4.62362e-09	0.995004	-0.0117075	1.00807	1.20174	
0.995004	8.52384e-08	0.0998334	-8.52816e-08	1	-3.83449e-09	-0.0998334	-4.69862e-09	0.995004	-0.0117201	1.00806	1.20171	
0.995004	8.52919e-08	0.0998334	-8.5343e-08	1	-3.75878e-09	-0.0998334	-4.78008e-09	0.995004	-0.0117334	1.00804	1.20167	
0.995004	8.53498e-08	0.0998334	-8.54094e-08	1	-3.67684e-09	-0.0998334	-4.86824e-09	0.995004	-0.0117474	1.00802	1.20164	
0.995004	8.54123e-08	0.0998334	-8.54811e-08	1	-3.58845e-09	-0.0998334	-4.96334e-09	0.995004	-0.0117621	1.008	1.2016	
0.995004	8.54795e-08	0.0998334	-8.55582e-08	1	-3.4934e-09	-0.0998334	-5.06561e-09	0.995004	-0.0117775	1.00798	1.20157	
0.995004	8.55516e-08	0.0998334	-8.56409e-08	1	-3.39148e-09	-0.0998334	-5.17528e-09	0.995004	-0.0117935	1.00796	1.20153	
0.995004	8.56287e-08	0.0998334	-8.57293e-08	1	-3.28247e-09	-0.0998334	-5.29258e-09	0.995004	-0.0118103	1.00794	1.20149	
0.995004	8.5711e-08	0.0998334	-8.58237e-08	1	-3.16616e-09	-0.0998334	-5.41773e-09	0.995004	-0.0118276	1.00791	1.20146	
0.995004	8.57986e-08	0.0998334	-8.59242e-08	1	-3.04236e-09	-0.0998334	-5.55094e-09	0.995004	-0.0118456	1.00789	1.20142	
0.995004	8.58917e-08	0.0998334	-8.60309e-08	1	-2.91087e-09	-0.0998334	-5.69243e-09	0.995004	-0.0118642	1.00787	1.20139	
0.995004	8.59904e-08	0.0998334	-8.61441e-08	1	-2.77148e-09	-0.0998334	-5.84242e-09	0.995004	-0.0118835	1.00784	1.20135	
0.995004	8.60948e-08	0.0998334	-8.62638e-08	1	-2.62401e-09	-0.0998334	-6.00111e-09	0.995004	-0.0119033	1.00781	1.20132	
0.995004	8.62051e-08	0.0998334	-8.63903e-08	1	-2.46826e-09	-0.0998334	-6.16871e-09	0.995004	-0.0119237	1.00779	1.20128	
0.995004	8.63214e-08	0.0998334	-8.65236e-08	1	-2.30404e-09	-0.0998334	-6.34541e-09	0.995004	-0.0119446	1.00776	1.20125	
0.995004	8.64438e-08	0.0998334	-8.6664e-08	1	-2.13118e-09	-0.0998334	-6.53143e-09	0.995004	-0.0119661	1.00773	1.20121	
0.995004	8.65725e-08	0.0998334	-8.68116e-08	1	-1.94949e-09	-0.0998334	-6.72694e-09	0.995004	-0.0119882	1.0077	1.20117	
0.995004	8.67076e-08	0.0998334	-8.69665e-08	1	-1.75881e-09	-0.0998334	-6.93214e-09	0.995004	-0.0120107	1.00766	1.20114	
0.995004	8.68492e-08	0.0998334	-8.71289e-08	1	-1.55896e-09	-0.0998334	-7.1472e-09	0.995004	-0.0120338	1.00763	1.2011	
0.995004	8.69974e-08	0.0998334	-8.72988e-08	1	-1.34978e-09	-0.0998334	-7.3723e-09	0.995004	-0.0120574	1.0076	1.20107	
0.995004	8.71524e-08	0.0998334	-8.74765e-08	1	-1.13109e-09	-0.0998334	-7.60763e-09	0.995004	-0.0120815	1.00756	1.20103	
0.995004	8.73142e-08	0.0998334	-8.7662e-08	1	-9.02762e-10	-0.0998334	-7.85334e-09	0.995004	-0.012106	1.00753	1.20099	
0.995004	8.7483e-08	0.0998334	-8.78556e-08	1	-6.64622e-10	-0.0998334	-8.10961e-09	0.995004	-0.012131	1.00749	1.20096	
0.995004	8.76589e-08	0.0998334	-8.80572e-08	1	-4.16528e-10	-0.0998334	-8.3766e-09	0.995004	-0.0121565	1.00746	1.20092	
0.995004	8.78419e-08	0.0998334	-8.82671e-08	1	-1.58323e-10	-0.0998334	-8.65447e-09	0.995004	-0.0121824	1.00742	1.20089	
0.995004	8.80322e-08	0.0998334	-8.84853e-08	1	1.10125e-10	-0.0998334	-8.94336e-09	0.995004	-0.0122088	1.00738	1.20085	
0.995004	8.82299e-08	0.0998334	-8.8712e-08	1	3.88944e-10	-0.0998334	-9.24341e-09	0.995004	-0.0122356	1.00734	1.20081	
0.995004	8.84351e-08	0.0998334	-8.89472e-08	1	6.78274e-10	-0.0998334	-9.55478e-09	0.995004	-0.0122628	1.0073	1.20078	
0.995004	8.86479e-08	0.0998334	-8.91911e-08	1	9.78238e-10	-0.0998334	-9.8776e-09	0.995004	-0.0122904	1.00726	1.20074	
0.995004	8.88683e-08	0.0998334	-8.94438e-08	1	1.28895e-09	-0.0998334	-1.0212e-08	0.995004	-0.0123184	1.00722	1.2007	
0.995004	8.90964e-08	0.0998334	-8.97054e-08	1	1.61054e-09	-0.0998334	-1.05581e-08	0.995004	-0.0123468	1.00717	1.20066	
0.995004	8.93324e-08	0.0998334	-8.99759e-08	1	1.94311e-09	-0.0998334	-1.0916e-08	0.995004	-0.0123755	1.00713	1.20063	
0.995004	8.95763e-08	0.0998334	-9.02555e-08	1	2.28679e-09	-0.0998334	-1.12859e-08	0.995004	-0.0124046	1.00709	1.20059	
0.995004	8.98282e-08	0.0998334	-9.05443e-08	1	2.64166e-09	-0.0998334	-1.16678e-08	0.995004	-0.0124341	1.00704	1.20055	
0.995004	9.00881e-08	0.0998334	-9.08423e-08	1	3.00785e-09	-0.0998334	-1.20619e-08	0.995004	-0.0124639	1.00699	1.20052	
0.995004	9.03563e-08	0.0998334	-9.11496e-08	1	3.38545e-09	-0.0998334	-1.24683e-08	0.995004	-0.012494	1.00695	1.20048	
0.995004	9.06326e-08	0.0998334	-9.14664e-08	1	3.77454e-09	-0.0998334	-1.28871e-08	0.995004	-0.0125245	1.0069	1.20044	
0.995004	9.09172e-08	0.0998334	-9.17926e-08	1	4.17522e-09	-0.0998334	-1.33183e-08	0.995004	-0.0125553	1.00685	1.2004	
0.995004	9.12101e-08	0.0998334	-9.21284e-08	1	4.58758e-09	-0.0998334	-1.37621e-08	0.995004	-0.0125864	1.0068	1.20037	
0.995004	9.15115e-08	0.0998333	-9.24738e-08	1	5.01168e-09	-0.0998333	-1.42186e-08	0.995004	-0.0126178	1.00675	1.20033	
0.995004	9.18213e-08	0.0998333	-9.2829e-08	1	5.44761e-09	-0.0998333	-1.46878e-08	0.995004	-0.0126495	1.0067	1.20029	
0.995004	9.21397e-08	0.0998333	-9.31939e-08	1	5.89544e-09	-0.0998333	-1.51698e-08	0.995004	-0.0126815	1.00665	1.20025	
0.995004	9.24667e-08	0.0998333	-9.35686e-08	1	6.35523e-09	-0.0998333	-1.56647e-08	0.995004	-0.0127137	1.00659	1.20022	
0.995004	9.28022e-08	0.0998333	-9.39532e-08	1	6.82704e-09	-0.0998333	-1.61726e-08	0.995004	-0.0127463	1.00654	1.20018	
0.995004	9.31465e-08	0.0998333	-9.43477e-08	1	7.31092e-09	-0.0998333	-1.66934e-08	0.995004	-0.012779	1.00648	1.20014	
0.995004	9.34995e-08	0.0998333	-9.47523e-08	1	7.80694e-09	-0.0998333	-1.72274e-08	0.995004	-0.0128121	1.00643	1.2001	
0.995004	9.38613e-08	0.0998333	-9.51668e-08	1	8.31513e-09	-0.0998333	-1.77744e-08	0.995004	-0.0128453	1.00637	1.20006	
0.995004	9.42318e-08	0.0998333	-9.55915e-08	1	8.83553e-09	-0.0998333	-1.83346e-08	0.995004	-0.0128788	1.00632	1.20003	
0.995004	9.46112e-08	0.0998333	-9.60262e-08	1	9.36819e-09	-0.0998333	-1.8908e-08	0.995004	-0.0129126	1.00626	1.19999	
0.995004	9.49995e-08	0.0998333	-9.64711e-08	1	9.91313e-09	-0.0998333	-1.94946e-08	0.995004	-0.0129465	1.0062	1.19995	
0.995004	9.53967e-08	0.0998333	-9.69262e-08	1	1.04704e-08	-0.0998333	-2.00945e-08	0.995004	-0.0129807	1.00614	1.19991	
0.995004	9.58028e-08	0.0998333	-9.73915e-08	1	1.104e-08	-0.0998333	-2.07077e-08	0.995004	-0.0130151	1.00608	1.19987	
0.995004	9.62179e-08	0.0998333	-9.78671e-08	1	1.16219e-08	-0.0998333	-2.13342e-08	0.995004	-0.0130497	1.00602	1.19983	
0.995004	9.66419e-08	0.0998333	-9.83529e-08	1	1.22162e-08	-0.0998333	-2.19741e-08	0.995004	-0.0130844	1.00596	1.19979	
0.995004	9.7075e-08	0.0998333	-9.8849e-08	1	1.28229e-08	-0.0998333	-2.26272e-08	0.995004	-0.0131194	1.0059	1.19975	
0.995004	9.7517e-08	0.0998333	-9.93553e-08	1	1.34419e-08	-0.0998333	-2.32937e-08	0.995004	-0.0131545	1.00584	1.19972	
0.995004	9.79681e-08	0.0998333	-9.9872e-08	1	1.40733e-08	-0.0998333	-2.39736e-08	0.995004	-0.0131899	1.00577	1.19968	
0.995004	9.84282e-08	0.0998333	-1.00399e-07	1	1.47171e-08	-0.0998333	-2.46668e-08	0.995004	-0.0132253	1.00571	1.19964	
0.995004	9.88973e-08	0.0998333	-1.00936e-07	1	1.53733e-08	-0.0998333	-2.53733e-08	0.995004	-0.013261	1.00564	1.1996	
0.995004	9.93754e-08	0.0998333	-1.01484e-07	1	1.60417e-08	-0.0998333	-2.60931e-08	0.995004	-0.0132968	1.00558	1.19956	
0.995004	9.98626e-08	0.0998333	-1.02042e-07	1	1.67225e-08	-0.0998333	-2.68261e-08	0.995004	-0.0133327	1.00551	1.19952	
0.995004	1.00359e-07	0.0998333	-1.0261e-07	1	1.74156e-08	-0.0998333	-2.75725e-08	0.995004	-0.0133688	1.00545	1.19948	
0.995004	1.00864e-07	0.0998333	-1.03189e-07	1	1.81209e-08	-0.0998333	-2.8332e-08	0.995004	-0.013405	1.00538	1.19944	
0.995004	1.01378e-07	0.0998333	-1.03777e-07	1	1.88384e-08	-0.0998333	-2.91047e-08	0.995004	-0.0134414	1.00531	1.1994	
0.995004	1.01901e-07	0.0998333	-1.04376e-07	1	1.95681e-08	-0.0998333	-2.98906e-08	0.995004	-0.0134779	1.00524	1.19936	
0.995004	1.02434e-07	0.0998333	-1.04986e-07	1	2.031e-08	-0.0998333	-3.06896e-08	0.995004	-0.0135145	1.00517	1.19932	
0.995004	1.02975e-07	0.0998333	-1.05605e-07	1	2.10639e-08	-0.0998333	-3.15016e-08	0.995004	-0.0135512	1.0051	1.19928	
0.995004	1.03525e-07	0.0998333	-1.06235e-07	1	2.18298e-08	-0.0998333	-3.23265e-08	0.995004	-0.013588	1.00503	1.19924	
0.995004	1.04084e-07	0.0998333	-1.06875e-07	1	2.26077e-08	-0.0998333	-3.31644e-08	0.995004	-0.0136249	1.00496	1.1992	
0.995004	1.04652e-07	0.0998333	-1.07525e-07	1	2.33975e-08	-0.0998333	-3.40152e-08	0.995004	-0.013662	1.00489	1.19916	
0.995004	1.05229e-07	0.0998333	-1.08185e-07	1	2.41991e-08	-0.0998333	-3.48787e-08	0.995004	-0.0136991	1.00482	1.19912	
0.995004	1.05814e-07	0.0998333	-1.08855e-07	1	2.50125e-08	-0.0998333	-3.57549e-08	0.995004	-0.0137363	1.00474	1.19908	
0.995004	1.06408e-07	0.0998333	-1.09535e-07	1	2.58375e-08	-0.0998333	-3.66437e-08	0.995004	-0.0137736	1.00467	1.19904	
0.995004	1.07011e-07	0.0998333	-1.10225e-07	1	2.66742e-08	-0.0998333	-3.7545e-08	0.995004	-0.013811	1.0046	1.199	
0.995004	1.07623e-07	0.0998333	-1.10925e-07	1	2.75223e-08	-0.0998333	-3.84588e-08	0.995004	-0.0138484	1.00452	1.19896	
0.995004	1.08244e-07	0.0998333	-1.11635e-07	1	2.83818e-08	-0.0998333	-3.93849e-08	0.995004	-0.0138859	1.00445	1.19892	
0.995004	1.08873e-07	0.0998333	-1.12354e-07	1	2.92526e-08	-0.0998333	-4.03232e-08	0.995004	-0.0139235	1.00437	1.19888	
0.995004	1.0951e-07	0.0998333	-1.13084e-07	1	3.01347e-08	-0.0998333	-4.12736e-08	0.995004	-0.0139612	1.00429	1.19884	
0.995004	1.10156e-07	0.0998333	-1.13822e-07	1	3.10278e-08	-0.0998333	-4.2236e-08	0.995004	-0.0139989	1.00422	1.19879	
0.995004	1.10811e-07	0.0998333	-1.14571e-07	1	3.19319e-08	-0.0998333	-4.32103e-08	0.995004	-0.0140366	1.00414	1.19875	
0.995004	1.11473e-07	0.0998333	-1.15329e-07	1	3.28468e-08	-0.0998333	-4.41964e-08	0.995004	-0.0140744	1.00406	1.19871	
0.995004	1.12145e-07	0.0998333	-1.16096e-07	1	3.37725e-08	-0.0998333	-4.51941e-08	0.995004	-0.0141123	1.00398	1.19867	
0.995004	1.12824e-07	0.0998332	-1.16873e-07	1	3.47088e-08	-0.0998332	-4.62032e-08	0.995004	-0.0141502	1.0039	1.19863	
0.995004	1.13511e-07	0.0998332	-1.17659e-07	1	3.56556e-08	-0.0998332	-4.72237e-08	0.995004	-0.0141881	1.00383	1.19859	
0.995004	1.14207e-07	0.0998332	-1.18454e-07	1	3.66127e-08	-0.0998332	-4.82555e-08	0.995004	-0.014226	1.00375	1.19855	
0.995004	1.14911e-07	0.0998332	-1.19258e-07	1	3.75801e-08	-0.0998332	-4.92983e-08	0.995004	-0.014264	1.00367	1.19851	
0.995004	1.15622e-07	0.0998332	-1.20071e-07	1	3.85575e-08	-0.0998332	-5.0352e-08	0.995004	-0.014302	1.00358	1.19846	
0.995004	1.16342e-07	0.0998332	-1.20894e-07	1	3.95448e-08	-0.0998332	-5.14164e-08	0.995004	-0.0143401	1.0035	1.19842	
0.995004	1.17069e-07	0.0998332	-1.21724e-07	1	4.05419e-08	-0.0998332	-5.24915e-08	0.995004	-0.0143781	1.00342	1.19838	
0.995004	1.17804e-07	0.0998332	-1.22564e-07	1	4.15486e-08	-0.0998332	-5.35769e-08	0.995004	-0.0144162	1.00334	1.19834	
0.995004	1.18546e-07	0.0998332	-1.23412e-07	1	4.25647e-08	-0.0998332	-5.46727e-08	0.995004	-0.0144542	1.00326	1.1983	
0.995004	1.19296e-07	0.0998332	-1.24269e-07	1	4.35901e-08	-0.0998332	-5.57785e-08	0.995004	-0.0144923	1.00317	1.19825	
0.995004	-0.000588267	0.0998312	0.000601411	1	-0.000101569	-0.0998311	0.000161101	0.995004	-0.0145146	1.00314	1.19825	
0.995004	-0.00128761	0.099823	0.00131799	0.999999	-0.000238419	-0.0998226	0.000368794	0.995005	-0.0145321	1.00313	1.19825	
0.995005	-0.00195052	0.0998089	0.00199896	0.999998	-0.000385332	-0.0998079	0.000582921	0.995007	-0.0145487	1.00311	1.19826	
0.995005	-0.0025806	0.0997893	0.00264785	0.999996	-0.000541476	-0.0997875	0.000802999	0.995008	-0.0145644	1.0031	1.19826	
0.995006	-0.00318117	0.0997646	0.00326792	0.999994	-0.000706063	-0.0997618	0.00102856	0.995011	-0.0145795	1.00308	1.19827	
0.995007	-0.00375524	0.099735	0.0038621	0.999992	-0.000878348	-0.099731	0.00125915	0.995014	-0.0145938	1.00307	1.19827	
0.995008	-0.00430553	0.0997011	0.00443307	0.99999	-0.00105767	-0.0996955	0.00149437	0.995017	-0.0146076	1.00306	1.19828	
0.99501	-0.00483447	0.0996629	0.0049832	0.999987	-0.00124346	-0.0996555	0.0017339	0.99502	-0.0146209	1.00304	1.19829	
0.995011	-0.00534429	0.0996208	0.00551469	0.999984	-0.00143519	-0.0996115	0.00197741	0.995024	-0.0146336	1.00303	1.19829	
0.995013	-0.00583701	0.099575	0.00602951	0.99998	-0.00163236	-0.0995635	0.00222461	0.995029	-0.014646	1.00302	1.1983	
0.995015	-0.00631447	0.0995257	0.00652946	0.999977	-0.00183451	-0.0995119	0.00247522	0.995033	-0.014658	1.00301	1.1983	
0.995017	-0.00677832	0.0994732	0.00701615	0.999973	-0.00204123	-0.0994567	0.00272898	0.995038	-0.0146696	1.003	1.19831	
0.99502	-0.00723006	0.0994177	0.00749106	0.999969	-0.00225215	-0.0993983	0.00298568	0.995043	-0.0146809	1.00299	1.19831	
0.995022	-0.00767106	0.0993592	0.0079555	0.999965	-0.00246691	-0.0993369	0.00324509	0.995049	-0.014692	1.00298	1.19832	
0.995025	-0.00810252	0.0992981	0.00841069	0.999961	-0.00268521	-0.0992724	0.00350702	0.995054	-0.0147029	1.00297	1.19832	
0.995028	-0.00852557	0.0992343	0.0088577	0.999957	-0.00290676	-0.0992052	0.00377129	0.99506	-0.0147135	1.00296	1.19833	
0.995031	-0.00894122	0.0991682	0.00929751	0.999952	-0.00313128	-0.0991354	0.00403774	0.995066	-0.014724	1.00295	1.19833	
0.995034	-0.00935036	0.0990997	0.0097306	0.999947	-0.00335421	-0.0990631	0.00430185	0.995072	-0.0147343	1.00293	1.19834	
0.995037	-0.00975363	0.0990292	0.0101571	0.999942	-0.00357136	-0.0989887	0.00455949	0.995078	-0.0147444	1.00292	1.19834	
0.99504	-0.0101514	0.0989568	0.0105776	0.999937	-0.00378311	-0.0989121	0.00481107	0.995085	-0.0147544	1.0029	1.19835	
0.995043	-0.0105421	0.098883	0.0109903	0.999932	-0.00398884	-0.0988342	0.00505582	0.995091	-0.0147644	1.00288	1.19835	
0.995046	-0.0108706	0.0988208	0.0113372	0.999927	-0.00416081	-0.0987683	0.00526055	0.995097	-0.0147784	1.00285	1.19835	
0.995048	-0.0111288	0.0987725	0.0116097	0.999923	-0.00429528	-0.0987172	0.00542072	0.995101	-0.0147968	1.00281	1.19836	
0.995049	-0.0113345	0.0987347	0.0118268	0.99992	-0.00440184	-0.0986769	0.00554776	0.995104	-0.0148186	1.00276	1.19836	
0.99505	-0.0115011	0.0987046	0.0120025	0.999918	-0.00448753	-0.0986449	0.00565002	0.995107	-0.0148429	1.0027	1.19836	
0.995051	-0.0116384	0.0986803	0.0121473	0.999916	-0.00455768	-0.098619	0.00573382	0.995109	-0.0148691	1.00264	1.19836	
0.995052	-0.0117538	0.0986604	0.012269	0.999914	-0.00461615	-0.0985977	0.00580377	0.99511	-0.0148966	1.00257	1.19836	
0.995052	-0.0118528	0.0986438	0.0123733	0.999913	-0.00466588	-0.0985799	0.00586335	0.995112	-0.0149251	1.0025	1.19836	
0.995053	-0.0119395	0.0986296	0.0124646	0.999911	-0.00470906	-0.0985646	0.00591514	0.995113	-0.0149543	1.00243	1.19837	
