8.45369e-08	1	-4.78312e-09	-0.995004	8.45921e-08	0.0998334	0.0998334	-3.68037e-09	0.995004	-0.7277	0.0289467	0.7262	
8.45369e-08	1	-4.78312e-09	-0.995004	8.45921e-08	0.0998334	0.0998334	-3.68037e-09	0.995004	-0.7277	0.0289466	0.7262	
8.45369e-08	1	-4.78312e-09	-0.995004	8.45921e-08	0.0998334	0.0998334	-3.68038e-09	0.995004	-0.7277	0.0289463	0.7262	
8.45369e-08	1	-4.78312e-09	-0.995004	8.45921e-08	0.0998334	0.0998334	-3.68038e-09	0.995004	-0.7277	0.0289458	0.7262	
8.45369e-08	1	-4.78312e-09	-0.995004	8.45921e-08	0.0998334	0.0998334	-3.68038e-09	0.995004	-0.7277	0.0289452	0.7262	
8.45369e-08	1	-4.78312e-09	-0.995004	8.45921e-08	0.0998334	0.0998334	-3.68038e-09	0.995004	-0.7277	0.0289445	0.7262	
8.45369e-08	1	-4.78311e-09	-0.995004	8.45921e-08	0.0998334	0.0998334	-3.68039e-09	0.995004	-0.7277	0.0289435	0.7262	
8.45369e-08	1	-4.78311e-09	-0.995004	8.45921e-08	0.0998334	0.0998334	-3.68039e-09	0.995004	-0.7277	0.0289424	0.72621	
8.45369e-08	1	-4.7831e-09	-0.995004	8.45921e-08	0.0998334	0.0998334	-3.6804e-09	0.995004	-0.7277	0.0289412	0.72621	
8.45369e-08	1	-4.78309e-09	-0.995004	8.45921e-08	0.0998334	0.0998334	-3.68041e-09	0.995004	-0.7277	0.0289398	0.72621	
8.45369e-08	1	-4.78307e-09	-0.995004	8.45921e-08	0.0998334	0.0998334	-3.68043e-09	0.995004	-0.7277	0.0289383	0.72621	
8.45369e-08	1	-4.78305e-09	-0.995004	8.45921e-08	0.0998334	0.0998334	-3.68045e-09	0.995004	-0.7277	0.0289366	0.72621	
8.45369e-08	1	-4.78303e-09	-0.995004	8.45921e-08	0.0998334	0.0998334	-3.68047e-09	0.995004	-0.7277	0.0289348	0.72622	
8.45369e-08	1	-4.78301e-09	-0.995004	8.45921e-08	0.0998334	0.0998334	-3.6805e-09	0.995004	-0.7277	0.0289328	0.72622	
8.4537e-08	1	-4.78298e-09	-0.995004	8.45921e-08	0.0998334	0.0998334	-3.68053e-09	0.995004	-0.7277	0.0289307	0.72622	
8.4537e-08	1	-4.78294e-09	-0.995004	8.45921e-08	0.0998334	0.0998334	-3.68056e-09	0.995004	-0.7277	0.0289285	0.72622	
8.4537e-08	1	-4.78291e-09	-0.995004	8.45922e-08	0.0998334	0.0998334	-3.6806e-09	0.995004	-0.7277	0.0289262	0.72623	
8.4537e-08	1	-4.78286e-09	-0.995004	8.45922e-08	0.0998334	0.0998334	-3.68065e-09	0.995004	-0.7277	0.0289237	0.72623	
8.45371e-08	1	-4.78281e-09	-0.995004	8.45922e-08	0.0998334	0.0998334	-3.6807e-09	0.995004	-0.7277	0.0289211	0.72623	
8.45371e-08	1	-4.78276e-09	-0.995004	8.45922e-08	0.0998334	0.0998334	-3.68076e-09	0.995004	-0.7277	0.0289184	0.72624	
8.45371e-08	1	-4.7827e-09	-0.995004	8.45923e-08	0.0998334	0.0998334	-3.68082e-09	0.995004	-0.7277	0.0289156	0.72624	
8.45372e-08	1	-4.78263e-09	-0.995004	8.45923e-08	0.0998334	0.0998334	-3.6809e-09	0.995004	-0.7277	0.0289127	0.72625	
8.45372e-08	1	-4.78255e-09	-0.995004	8.45923e-08	0.0998334	0.0998334	-3.68098e-09	0.995004	-0.7277	0.0289097	0.72625	
8.45372e-08	1	-4.78247e-09	-0.995004	8.45924e-08	0.0998334	0.0998334	-3.68106e-09	0.995004	-0.7277	0.0289065	0.72626	
8.45373e-08	1	-4.78238e-09	-0.995004	8.45924e-08	0.0998334	0.0998334	-3.68116e-09	0.995004	-0.7277	0.0289033	0.72626	
8.45374e-08	1	-4.78228e-09	-0.995004	8.45924e-08	0.0998334	0.0998334	-3.68126e-09	0.995004	-0.7277	0.0289	0.72627	
8.45374e-08	1	-4.78218e-09	-0.995004	8.45925e-08	0.0998334	0.0998334	-3.68137e-09	0.995004	-0.7277	0.0288965	0.72627	
8.45375e-08	1	-4.78206e-09	-0.995004	8.45926e-08	0.0998334	0.0998334	-3.68149e-09	0.995004	-0.7277	0.028893	0.72628	
8.45375e-08	1	-4.78194e-09	-0.995004	8.45926e-08	0.0998334	0.0998334	-3.68162e-09	0.995004	-0.7277	0.0288894	0.72628	
8.45376e-08	1	-4.7818e-09	-0.995004	8.45927e-08	0.0998334	0.0998334	-3.68176e-09	0.995004	-0.7277	0.0288857	0.72629	
8.45377e-08	1	-4.78166e-09	-0.995004	8.45927e-08	0.0998334	0.0998334	-3.68191e-09	0.995004	-0.7277	0.0288819	0.7263	
8.45378e-08	1	-4.78151e-09	-0.995004	8.45928e-08	0.0998334	0.0998334	-3.68207e-09	0.995004	-0.7277	0.028878	0.7263	
8.45379e-08	1	-4.78135e-09	-0.995004	8.45929e-08	0.0998334	0.0998334	-3.68225e-09	0.995004	-0.7277	0.028874	0.72631	
8.4538e-08	1	-4.78117e-09	-0.995004	8.4593e-08	0.0998334	0.0998334	-3.68243e-09	0.995004	-0.7277	0.02887	0.72632	
8.45381e-08	1	-4.78099e-09	-0.995004	8.45931e-08	0.0998334	0.0998334	-3.68262e-09	0.995004	-0.7277	0.0288659	0.72632	
8.45382e-08	1	-4.78079e-09	-0.995004	8.45932e-08	0.0998334	0.0998334	-3.68283e-09	0.995004	-0.7277	0.0288617	0.72633	
8.45384e-08	1	-4.78058e-09	-0.995004	8.45933e-08	0.0998334	0.0998334	-3.68305e-09	0.995004	-0.7277	0.0288574	0.72634	
8.45385e-08	1	-4.78036e-09	-0.995004	8.45934e-08	0.0998334	0.0998334	-3.68328e-09	0.995004	-0.7277	0.0288531	0.72634	
8.45386e-08	1	-4.78013e-09	-0.995004	8.45935e-08	0.0998334	0.0998334	-3.68353e-09	0.995004	-0.7277	0.0288487	0.72635	
8.45388e-08	1	-4.77989e-09	-0.995004	8.45936e-08	0.0998334	0.0998334	-3.68379e-09	0.995004	-0.7277	0.0288442	0.72636	
8.45389e-08	1	-4.77963e-09	-0.995004	8.45938e-08	0.0998334	0.0998334	-3.68406e-09	0.995004	-0.7277	0.0288397	0.72637	
8.45391e-08	1	-4.77936e-09	-0.995004	8.45939e-08	0.0998334	0.0998334	-3.68435e-09	0.995004	-0.7277	0.0288351	0.72638	
8.45393e-08	1	-4.77907e-09	-0.995004	8.4594e-08	0.0998334	0.0998334	-3.68465e-09	0.995004	-0.7277	0.0288305	0.72639	
8.45395e-08	1	-4.77877e-09	-0.995004	8.45942e-08	0.0998334	0.0998334	-3.68496e-09	0.995004	-0.7277	0.0288258	0.72639	
8.45397e-08	1	-4.77846e-09	-0.995004	8.45944e-08	0.0998334	0.0998334	-3.6853e-09	0.995004	-0.7277	0.028821	0.7264	
8.45399e-08	1	-4.77813e-09	-0.995004	8.45945e-08	0.0998334	0.0998334	-3.68564e-09	0.995004	-0.7277	0.0288162	0.72641	
8.45401e-08	1	-4.77778e-09	-0.995004	8.45947e-08	0.0998334	0.0998334	-3.68601e-09	0.995004	-0.7277	0.0288114	0.72642	
8.45403e-08	1	-4.77743e-09	-0.995004	8.45949e-08	0.0998334	0.0998334	-3.68639e-09	0.995004	-0.7277	0.0288064	0.72643	
8.45405e-08	1	-4.77705e-09	-0.995004	8.45951e-08	0.0998334	0.0998334	-3.68678e-09	0.995004	-0.7277	0.0288015	0.72644	
8.45408e-08	1	-4.77666e-09	-0.995004	8.45953e-08	0.0998334	0.0998334	-3.6872e-09	0.995004	-0.7277	0.0287965	0.72645	
8.45411e-08	1	-4.77625e-09	-0.995004	8.45955e-08	0.0998334	0.0998334	-3.68763e-09	0.995004	-0.7277	0.0287914	0.72646	
8.45413e-08	1	-4.77583e-09	-0.995004	8.45958e-08	0.0998334	0.0998334	-3.68808e-09	0.995004	-0.7277	0.0287864	0.72647	
8.45416e-08	1	-4.77539e-09	-0.995004	8.4596e-08	0.0998334	0.0998334	-3.68854e-09	0.995004	-0.7277	0.0287812	0.72648	
8.45419e-08	1	-4.77493e-09	-0.995004	8.45962e-08	0.0998334	0.0998334	-3.68903e-09	0.995004	-0.7277	0.0287761	0.72649	
8.45422e-08	1	-4.77445e-09	-0.995004	8.45965e-08	0.0998334	0.0998334	-3.68953e-09	0.995004	-0.7277	0.0287709	0.7265	
8.45425e-08	1	-4.77396e-09	-0.995004	8.45968e-08	0.0998334	0.0998334	-3.69006e-09	0.995004	-0.7277	0.0287656	0.72651	
8.45429e-08	1	-4.77345e-09	-0.995004	8.4597e-08	0.0998334	0.0998334	-3.6906e-09	0.995004	-0.7277	0.0287604	0.72653	
8.45432e-08	1	-4.77292e-09	-0.995004	8.45973e-08	0.0998334	0.0998334	-3.69116e-09	0.995004	-0.7277	0.0287551	0.72654	
8.45436e-08	1	-4.77237e-09	-0.995004	8.45976e-08	0.0998334	0.0998334	-3.69174e-09	0.995004	-0.7277	0.0287497	0.72655	
8.45439e-08	1	-4.7718e-09	-0.995004	8.4598e-08	0.0998334	0.0998334	-3.69235e-09	0.995004	-0.7277	0.0287444	0.72656	
8.45443e-08	1	-4.77121e-09	-0.995004	8.45983e-08	0.0998334	0.0998334	-3.69297e-09	0.995004	-0.7277	0.028739	0.72657	
8.45447e-08	1	-4.7706e-09	-0.995004	8.45986e-08	0.0998334	0.0998334	-3.69362e-09	0.995004	-0.7277	0.0287336	0.72659	
8.45451e-08	1	-4.76997e-09	-0.995004	8.4599e-08	0.0998334	0.0998334	-3.69428e-09	0.995004	-0.7277	0.0287282	0.7266	
8.45456e-08	1	-4.76933e-09	-0.995004	8.45993e-08	0.0998334	0.0998334	-3.69497e-09	0.995004	-0.7277	0.0287227	0.72661	
8.4546e-08	1	-4.76866e-09	-0.995004	8.45997e-08	0.0998334	0.0998334	-3.69568e-09	0.995004	-0.7277	0.0287172	0.72662	
8.45465e-08	1	-4.76797e-09	-0.995004	8.46001e-08	0.0998334	0.0998334	-3.69641e-09	0.995004	-0.7277	0.0287117	0.72664	
8.45469e-08	1	-4.76725e-09	-0.995004	8.46005e-08	0.0998334	0.0998334	-3.69717e-09	0.995004	-0.7277	0.0287062	0.72665	
8.45474e-08	1	-4.76652e-09	-0.995004	8.46009e-08	0.0998334	0.0998334	-3.69795e-09	0.995004	-0.7277	0.0287007	0.72666	
8.45479e-08	1	-4.76576e-09	-0.995004	8.46013e-08	0.0998334	0.0998334	-3.69875e-09	0.995004	-0.7277	0.0286952	0.72668	
8.45485e-08	1	-4.76499e-09	-0.995004	8.46018e-08	0.0998334	0.0998334	-3.69958e-09	0.995004	-0.7277	0.0286896	0.72669	
8.4549e-08	1	-4.76419e-09	-0.995004	8.46022e-08	0.0998334	0.0998334	-3.70043e-09	0.995004	-0.7277	0.028684	0.7267	
8.45496e-08	1	-4.76336e-09	-0.995004	8.46027e-08	0.0998334	0.0998334	-3.7013e-09	0.995004	-0.7277	0.0286784	0.72672	
8.45501e-08	1	-4.76252e-09	-0.995004	8.46032e-08	0.0998334	0.0998334	-3.7022e-09	0.995004	-0.7277	0.0286728	0.72673	
8.45507e-08	1	-4.76165e-09	-0.995004	8.46037e-08	0.0998334	0.0998334	-3.70313e-09	0.995004	-0.7277	0.0286672	0.72675	
8.45513e-08	1	-4.76075e-09	-0.995004	8.46042e-08	0.0998334	0.0998334	-3.70408e-09	0.995004	-0.7277	0.0286616	0.72676	
8.4552e-08	1	-4.75984e-09	-0.995004	8.46047e-08	0.0998334	0.0998334	-3.70505e-09	0.995004	-0.7277	0.028656	0.72678	
8.45526e-08	1	-4.7589e-09	-0.995004	8.46053e-08	0.0998334	0.0998334	-3.70605e-09	0.995004	-0.7277	0.0286504	0.72679	
8.45533e-08	1	-4.75793e-09	-0.995004	8.46059e-08	0.0998334	0.0998334	-3.70708e-09	0.995004	-0.7277	0.0286448	0.72681	
8.4554e-08	1	-4.75694e-09	-0.995004	8.46064e-08	0.0998334	0.0998334	-3.70813e-09	0.995004	-0.7277	0.0286391	0.72682	
8.45547e-08	1	-4.75592e-09	-0.995004	8.4607e-08	0.0998334	0.0998334	-3.70921e-09	0.995004	-0.7277	0.0286335	0.72684	
8.45554e-08	1	-4.75488e-09	-0.995004	8.46076e-08	0.0998334	0.0998334	-3.71032e-09	0.995004	-0.7277	0.0286279	0.72685	
8.45561e-08	1	-4.75382e-09	-0.995004	8.46083e-08	0.0998334	0.0998334	-3.71145e-09	0.995004	-0.7277	0.0286223	0.72687	
8.45569e-08	1	-4.75272e-09	-0.995004	8.46089e-08	0.0998334	0.0998334	-3.71262e-09	0.995004	-0.7277	0.0286166	0.72688	
8.45576e-08	1	-4.75161e-09	-0.995004	8.46096e-08	0.0998334	0.0998334	-3.71381e-09	0.995004	-0.7277	0.028611	0.7269	
8.45584e-08	1	-4.75046e-09	-0.995004	8.46103e-08	0.0998334	0.0998334	-3.71503e-09	0.995004	-0.7277	0.0286054	0.72692	
8.45593e-08	1	-4.74929e-09	-0.995004	8.46109e-08	0.0998334	0.0998334	-3.71627e-09	0.995004	-0.7277	0.0285997	0.72693	
8.45601e-08	1	-4.74809e-09	-0.995004	8.46117e-08	0.0998334	0.0998334	-3.71755e-09	0.995004	-0.7277	0.0285941	0.72695	
8.45609e-08	1	-4.74687e-09	-0.995004	8.46124e-08	0.0998334	0.0998334	-3.71885e-09	0.995004	-0.7277	0.0285885	0.72697	
8.45618e-08	1	-4.74561e-09	-0.995004	8.46131e-08	0.0998334	0.0998334	-3.72019e-09	0.995004	-0.7277	0.0285829	0.72698	
8.45627e-08	1	-4.74433e-09	-0.995004	8.46139e-08	0.0998334	0.0998334	-3.72155e-09	0.995004	-0.7277	0.0285773	0.727	
8.45636e-08	1	-4.74303e-09	-0.995004	8.46147e-08	0.0998334	0.0998334	-3.72294e-09	0.995004	-0.7277	0.0285717	0.72702	
8.45646e-08	1	-4.74169e-09	-0.995004	8.46155e-08	0.0998334	0.0998334	-3.72437e-09	0.995004	-0.7277	0.0285661	0.72704	
8.45656e-08	1	-4.74033e-09	-0.995004	8.46163e-08	0.0998334	0.0998334	-3.72582e-09	0.995004	-0.7277	0.0285606	0.72705	
8.45665e-08	1	-4.73893e-09	-0.995004	8.46172e-08	0.0998334	0.0998334	-3.7273e-09	0.995004	-0.7277	0.028555	0.72707	
8.45675e-08	1	-4.73751e-09	-0.995004	8.4618e-08	0.0998334	0.0998334	-3.72882e-09	0.995004	-0.7277	0.0285495	0.72709	
8.45686e-08	1	-4.73606e-09	-0.995004	8.46189e-08	0.0998334	0.0998334	-3.73036e-09	0.995004	-0.7277	0.0285439	0.72711	
8.45696e-08	1	-4.73458e-09	-0.995004	8.46198e-08	0.0998334	0.0998334	-3.73194e-09	0.995004	-0.7277	0.0285384	0.72713	
8.45707e-08	1	-4.73308e-09	-0.995004	8.46207e-08	0.0998334	0.0998334	-3.73355e-09	0.995004	-0.7277	0.0285329	0.72715	
8.45718e-08	1	-4.73154e-09	-0.995004	8.46217e-08	0.0998334	0.0998334	-3.73519e-09	0.995004	-0.7277	0.0285274	0.72717	
8.45729e-08	1	-4.72997e-09	-0.995004	8.46226e-08	0.0998334	0.0998334	-3.73686e-09	0.995004	-0.7277	0.028522	0.72718	
8.45741e-08	1	-4.72837e-09	-0.995004	8.46236e-08	0.0998334	0.0998334	-3.73856e-09	0.995004	-0.7277	0.0285165	0.7272	
8.45752e-08	1	-4.72675e-09	-0.995004	8.46246e-08	0.0998334	0.0998334	-3.7403e-09	0.995004	-0.7277	0.0285111	0.72722	
8.45764e-08	1	-4.72509e-09	-0.995004	8.46256e-08	0.0998334	0.0998334	-3.74207e-09	0.995004	-0.7277	0.0285056	0.72724	
8.45776e-08	1	-4.7234e-09	-0.995004	8.46267e-08	0.0998334	0.0998334	-3.74387e-09	0.995004	-0.7277	0.0285002	0.72726	
8.45789e-08	1	-4.72168e-09	-0.995004	8.46277e-08	0.0998334	0.0998334	-3.74571e-09	0.995004	-0.7277	0.0284948	0.72728	
8.45801e-08	1	-4.71993e-09	-0.995004	8.46288e-08	0.0998334	0.0998334	-3.74757e-09	0.995004	-0.7277	0.0284895	0.7273	
8.45814e-08	1	-4.71815e-09	-0.995004	8.46299e-08	0.0998334	0.0998334	-3.74947e-09	0.995004	-0.7277	0.0284841	0.72732	
8.45827e-08	1	-4.71634e-09	-0.995004	8.4631e-08	0.0998334	0.0998334	-3.75141e-09	0.995004	-0.7277	0.0284788	0.72734	
8.45841e-08	1	-4.71449e-09	-0.995004	8.46322e-08	0.0998334	0.0998334	-3.75338e-09	0.995004	-0.7277	0.0284735	0.72736	
8.45854e-08	1	-4.71262e-09	-0.995004	8.46333e-08	0.0998334	0.0998334	-3.75538e-09	0.995004	-0.7277	0.0284682	0.72738	
8.45868e-08	1	-4.71071e-09	-0.995004	8.46345e-08	0.0998334	0.0998334	-3.75742e-09	0.995004	-0.7277	0.028463	0.7274	
8.45882e-08	1	-4.70877e-09	-0.995004	8.46357e-08	0.0998334	0.0998334	-3.75949e-09	0.995004	-0.7277	0.0284577	0.72743	
8.45897e-08	1	-4.7068e-09	-0.995004	8.4637e-08	0.0998334	0.0998334	-3.76159e-09	0.995004	-0.7277	0.0284525	0.72745	
8.45911e-08	1	-4.70479e-09	-0.995004	8.46382e-08	0.0998334	0.0998334	-3.76373e-09	0.995004	-0.7277	0.0284473	0.72747	
8.45926e-08	1	-4.70275e-09	-0.995004	8.46395e-08	0.0998334	0.0998334	-3.76591e-09	0.995004	-0.7277	0.0284422	0.72749	
8.45942e-08	1	-4.70069e-09	-0.995004	8.46408e-08	0.0998334	0.0998334	-3.76812e-09	0.995004	-0.7277	0.028437	0.72751	
8.45957e-08	1	-4.69858e-09	-0.995004	8.46421e-08	0.0998334	0.0998334	-3.77037e-09	0.995004	-0.7277	0.0284319	0.72753	
8.45973e-08	1	-4.69645e-09	-0.995004	8.46435e-08	0.0998334	0.0998334	-3.77265e-09	0.995004	-0.7277	0.0284268	0.72756	
8.45989e-08	1	-4.69428e-09	-0.995004	8.46449e-08	0.0998334	0.0998334	-3.77496e-09	0.995004	-0.7277	0.0284218	0.72758	
8.46005e-08	1	-4.69208e-09	-0.995004	8.46463e-08	0.0998334	0.0998334	-3.77732e-09	0.995004	-0.7277	0.0284168	0.7276	
8.46021e-08	1	-4.68984e-09	-0.995004	8.46477e-08	0.0998334	0.0998334	-3.7797e-09	0.995004	-0.7277	0.0284118	0.72762	
8.46038e-08	1	-4.68757e-09	-0.995004	8.46491e-08	0.0998334	0.0998334	-3.78213e-09	0.995004	-0.7277	0.0284068	0.72765	
8.46055e-08	1	-4.68527e-09	-0.995004	8.46506e-08	0.0998334	0.0998334	-3.78459e-09	0.995004	-0.7277	0.0284018	0.72767	
8.46072e-08	1	-4.68294e-09	-0.995004	8.46521e-08	0.0998334	0.0998334	-3.78708e-09	0.995004	-0.7277	0.0283969	0.72769	
8.4609e-08	1	-4.68057e-09	-0.995004	8.46536e-08	0.0998334	0.0998334	-3.78962e-09	0.995004	-0.7277	0.028392	0.72771	
8.46108e-08	1	-4.67816e-09	-0.995004	8.46551e-08	0.0998334	0.0998334	-3.79219e-09	0.995004	-0.7277	0.0283872	0.72774	
8.46126e-08	1	-4.67573e-09	-0.995004	8.46567e-08	0.0998334	0.0998334	-3.79479e-09	0.995004	-0.7277	0.0283824	0.72776	
8.46144e-08	1	-4.67325e-09	-0.995004	8.46582e-08	0.0998334	0.0998334	-3.79744e-09	0.995004	-0.7277	0.0283776	0.72778	
8.46163e-08	1	-4.67075e-09	-0.995004	8.46598e-08	0.0998334	0.0998334	-3.80012e-09	0.995004	-0.7277	0.0283728	0.72781	
8.46182e-08	1	-4.66821e-09	-0.995004	8.46615e-08	0.0998334	0.0998334	-3.80284e-09	0.995004	-0.7277	0.0283681	0.72783	
8.46201e-08	1	-4.66563e-09	-0.995004	8.46631e-08	0.0998334	0.0998334	-3.80559e-09	0.995004	-0.7277	0.0283634	0.72786	
8.4622e-08	1	-4.66302e-09	-0.995004	8.46648e-08	0.0998334	0.0998334	-3.80838e-09	0.995004	-0.7277	0.0283587	0.72788	
8.4624e-08	1	-4.66037e-09	-0.995004	8.46665e-08	0.0998334	0.0998334	-3.81121e-09	0.995004	-0.7277	0.0283541	0.7279	
8.4626e-08	1	-4.65769e-09	-0.995004	8.46682e-08	0.0998334	0.0998334	-3.81408e-09	0.995004	-0.7277	0.0283495	0.72793	
8.46281e-08	1	-4.65497e-09	-0.995004	8.467e-08	0.0998334	0.0998334	-3.81699e-09	0.995004	-0.7277	0.0283449	0.72795	
8.46301e-08	1	-4.65222e-09	-0.995004	8.46718e-08	0.0998334	0.0998334	-3.81993e-09	0.995004	-0.7277	0.0283404	0.72798	
8.46322e-08	1	-4.64944e-09	-0.995004	8.46736e-08	0.0998334	0.0998334	-3.82291e-09	0.995004	-0.7277	0.0283359	0.728	
8.46343e-08	1	-4.64661e-09	-0.995004	8.46754e-08	0.0998334	0.0998334	-3.82593e-09	0.995004	-0.7277	0.0283314	0.72803	
8.46365e-08	1	-4.64375e-09	-0.995004	8.46773e-08	0.0998334	0.0998334	-3.82899e-09	0.995004	-0.7277	0.028327	0.72805	
8.46387e-08	1	-4.64086e-09	-0.995004	8.46792e-08	0.0998334	0.0998334	-3.83209e-09	0.995004	-0.7277	0.0283226	0.72808	
8.46409e-08	1	-4.63793e-09	-0.995004	8.46811e-08	0.0998334	0.0998334	-3.83522e-09	0.995004	-0.7277	0.0283182	0.72811	
8.46431e-08	1	-4.63497e-09	-0.995004	8.4683e-08	0.0998334	0.0998334	-3.8384e-09	0.995004	-0.7277	0.0283139	0.72813	
8.46454e-08	1	-4.63197e-09	-0.995004	8.46849e-08	0.0998334	0.0998334	-3.84161e-09	0.995004	-0.7277	0.0283096	0.72816	
8.46477e-08	1	-4.62893e-09	-0.995004	8.46869e-08	0.0998334	0.0998334	-3.84486e-09	0.995004	-0.7277	0.0283053	0.72818	
8.465e-08	1	-4.62585e-09	-0.995004	8.46889e-08	0.0998334	0.0998334	-3.84815e-09	0.995004	-0.7277	0.0283011	0.72821	
8.46524e-08	1	-4.62274e-09	-0.995004	8.4691e-08	0.0998334	0.0998334	-3.85149e-09	0.995004	-0.7277	0.0282969	0.72824	
8.46548e-08	1	-4.6196e-09	-0.995004	8.4693e-08	0.0998334	0.0998334	-3.85485e-09	0.995004	-0.7277	0.0282928	0.72826	
8.46572e-08	1	-4.61641e-09	-0.995004	8.46951e-08	0.0998334	0.0998334	-3.85826e-09	0.995004	-0.7277	0.0282887	0.72829	
8.46596e-08	1	-4.61319e-09	-0.995004	8.46972e-08	0.0998334	0.0998334	-3.86171e-09	0.995004	-0.7277	0.0282846	0.72832	
8.46621e-08	1	-4.60994e-09	-0.995004	8.46994e-08	0.0998334	0.0998334	-3.86519e-09	0.995004	-0.7277	0.0282806	0.72834	
8.46646e-08	1	-4.60665e-09	-0.995004	8.47015e-08	0.0998334	0.0998334	-3.86872e-09	0.995004	-0.7277	0.0282766	0.72837	
8.46671e-08	1	-4.60332e-09	-0.995004	8.47037e-08	0.0998334	0.0998334	-3.87228e-09	0.995004	-0.7277	0.0282726	0.7284	
8.46697e-08	1	-4.59996e-09	-0.995004	8.47059e-08	0.0998334	0.0998334	-3.87589e-09	0.995004	-0.7277	0.0282687	0.72843	
8.46723e-08	1	-4.59656e-09	-0.995004	8.47082e-08	0.0998334	0.0998334	-3.87953e-09	0.995004	-0.7277	0.0282648	0.72845	
8.46749e-08	1	-4.59312e-09	-0.995004	8.47105e-08	0.0998334	0.0998334	-3.88321e-09	0.995004	-0.7277	0.0282609	0.72848	
8.46776e-08	1	-4.58964e-09	-0.995004	8.47128e-08	0.0998334	0.0998334	-3.88693e-09	0.995004	-0.7277	0.0282571	0.72851	
8.46803e-08	1	-4.58613e-09	-0.995004	8.47151e-08	0.0998334	0.0998334	-3.8907e-09	0.995004	-0.7277	0.0282534	0.72854	
8.4683e-08	1	-4.58259e-09	-0.995004	8.47174e-08	0.0998334	0.0998334	-3.8945e-09	0.995004	-0.7277	0.0282496	0.72856	
8.46857e-08	1	-4.579e-09	-0.995004	8.47198e-08	0.0998334	0.0998334	-3.89834e-09	0.995004	-0.7277	0.0282459	0.72859	
8.46885e-08	1	-4.57538e-09	-0.995004	8.47222e-08	0.0998334	0.0998334	-3.90222e-09	0.995004	-0.7277	0.0282423	0.72862	
8.46913e-08	1	-4.57173e-09	-0.995004	8.47246e-08	0.0998334	0.0998334	-3.90614e-09	0.995004	-0.7277	0.0282386	0.72865	
8.46942e-08	1	-4.56803e-09	-0.995004	8.47271e-08	0.0998334	0.0998334	-3.9101e-09	0.995004	-0.7277	0.0282351	0.72868	
8.4697e-08	1	-4.5643e-09	-0.995004	8.47296e-08	0.0998334	0.0998334	-3.91409e-09	0.995004	-0.7277	0.0282315	0.72871	
8.46999e-08	1	-4.56053e-09	-0.995004	8.47321e-08	0.0998334	0.0998334	-3.91813e-09	0.995004	-0.7277	0.028228	0.72874	
8.47029e-08	1	-4.55673e-09	-0.995004	8.47346e-08	0.0998334	0.0998334	-3.92221e-09	0.995004	-0.7277	0.0282246	0.72877	
8.47058e-08	1	-4.55289e-09	-0.995004	8.47372e-08	0.0998334	0.0998334	-3.92633e-09	0.995004	-0.7277	0.0282211	0.7288	
8.47088e-08	1	-4.54901e-09	-0.995004	8.47398e-08	0.0998334	0.0998334	-3.93049e-09	0.995004	-0.7277	0.0282177	0.72883	
8.47118e-08	1	-4.54509e-09	-0.995004	8.47424e-08	0.0998334	0.0998334	-3.93469e-09	0.995004	-0.7277	0.0282144	0.72885	
8.47149e-08	1	-4.54114e-09	-0.995004	8.4745e-08	0.0998334	0.0998334	-3.93892e-09	0.995004	-0.7277	0.0282111	0.72888	
8.4718e-08	1	-4.53715e-09	-0.995004	8.47477e-08	0.0998334	0.0998334	-3.9432e-09	0.995004	-0.7277	0.0282078	0.72891	
8.47211e-08	1	-4.53312e-09	-0.995004	8.47504e-08	0.0998334	0.0998334	-3.94752e-09	0.995004	-0.7277	0.0282046	0.72894	
8.47243e-08	1	-4.52906e-09	-0.995004	8.47531e-08	0.0998334	0.0998334	-3.95187e-09	0.995004	-0.7277	0.0282014	0.72897	
8.47274e-08	1	-4.52496e-09	-0.995004	8.47559e-08	0.0998334	0.0998334	-3.95627e-09	0.995004	-0.7277	0.0281983	0.729	
8.47306e-08	1	-4.52082e-09	-0.995004	8.47587e-08	0.0998334	0.0998334	-3.96071e-09	0.995004	-0.7277	0.0281951	0.72904	
8.47339e-08	1	-4.51665e-09	-0.995004	8.47615e-08	0.0998334	0.0998334	-3.96519e-09	0.995004	-0.7277	0.0281921	0.72907	
8.47371e-08	1	-4.51244e-09	-0.995004	8.47643e-08	0.0998334	0.0998334	-3.9697e-09	0.995004	-0.7277	0.0281891	0.7291	
8.47405e-08	1	-4.50819e-09	-0.995004	8.47672e-08	0.0998334	0.0998334	-3.97426e-09	0.995004	-0.7277	0.0281861	0.72913	
8.47438e-08	1	-4.50391e-09	-0.995004	8.47701e-08	0.0998334	0.0998334	-3.97885e-09	0.995004	-0.7277	0.0281831	0.72916	
8.47471e-08	1	-4.49959e-09	-0.995004	8.4773e-08	0.0998334	0.0998334	-3.98348e-09	0.995004	-0.7277	0.0281802	0.72919	
8.47505e-08	1	-4.49523e-09	-0.995004	8.47759e-08	0.0998334	0.0998334	-3.98816e-09	0.995004	-0.7277	0.0281773	0.72922	
8.4754e-08	1	-4.49084e-09	-0.995004	8.47789e-08	0.0998334	0.0998334	-3.99287e-09	0.995004	-0.7277	0.0281745	0.72925	
8.47574e-08	1	-4.48641e-09	-0.995004	8.47819e-08	0.0998334	0.0998334	-3.99762e-09	0.995004	-0.7277	0.0281717	0.72928	
8.47609e-08	1	-4.48194e-09	-0.995004	8.47849e-08	0.0998334	0.0998334	-4.00242e-09	0.995004	-0.7277	0.028169	0.72932	
8.47644e-08	1	-4.47744e-09	-0.995004	8.4788e-08	0.0998334	0.0998334	-4.00725e-09	0.995004	-0.7277	0.0281663	0.72935	
8.4768e-08	1	-4.4729e-09	-0.995004	8.4791e-08	0.0998334	0.0998334	-4.01212e-09	0.995004	-0.7277	0.0281636	0.72938	
8.47715e-08	1	-4.46833e-09	-0.995004	8.47941e-08	0.0998334	0.0998334	-4.01703e-09	0.995004	-0.7277	0.028161	0.72941	
8.47752e-08	1	-4.46372e-09	-0.995004	8.47973e-08	0.0998334	0.0998334	-4.02197e-09	0.995004	-0.7277	0.0281584	0.72944	
8.47788e-08	1	-4.45907e-09	-0.995004	8.48004e-08	0.0998334	0.0998334	-4.02696e-09	0.995004	-0.7277	0.0281558	0.72948	
8.47825e-08	1	-4.45439e-09	-0.995004	8.48036e-08	0.0998334	0.0998334	-4.03198e-09	0.995004	-0.7277	0.0281533	0.72951	
8.47862e-08	1	-4.44967e-09	-0.995004	8.48068e-08	0.0998334	0.0998334	-4.03705e-09	0.995004	-0.7277	0.0281509	0.72954	
8.47899e-08	1	-4.44492e-09	-0.995004	8.481e-08	0.0998334	0.0998334	-4.04215e-09	0.995004	-0.7277	0.0281484	0.72957	
8.47936e-08	1	-4.44013e-09	-0.995004	8.48133e-08	0.0998334	0.0998334	-4.04729e-09	0.995004	-0.7277	0.028146	0.72961	
8.47974e-08	1	-4.43531e-09	-0.995004	8.48166e-08	0.0998334	0.0998334	-4.05247e-09	0.995004	-0.7277	0.0281437	0.72964	
8.48013e-08	1	-4.43044e-09	-0.995004	8.48199e-08	0.0998334	0.0998334	-4.05769e-09	0.995004	-0.7277	0.0281414	0.72967	
8.48051e-08	1	-4.42555e-09	-0.995004	8.48233e-08	0.0998334	0.0998334	-4.06294e-09	0.995004	-0.7277	0.0281391	0.72971	
8.4809e-08	1	-4.42062e-09	-0.995004	8.48266e-08	0.0998334	0.0998334	-4.06824e-09	0.995004	-0.7277	0.0281369	0.72974	
8.48129e-08	1	-4.41565e-09	-0.995004	8.483e-08	0.0998334	0.0998334	-4.07357e-09	0.995004	-0.7277	0.0281347	0.72977	
8.48168e-08	1	-4.41065e-09	-0.995004	8.48334e-08	0.0998334	0.0998334	-4.07894e-09	0.995004	-0.7277	0.0281326	0.72981	
8.48208e-08	1	-4.40561e-09	-0.995004	8.48369e-08	0.0998334	0.0998334	-4.08435e-09	0.995004	-0.7277	0.0281305	0.72984	
8.48248e-08	1	-4.40054e-09	-0.995004	8.48404e-08	0.0998334	0.0998334	-4.08979e-09	0.995004	-0.7277	0.0281284	0.72987	
8.48288e-08	1	-4.39543e-09	-0.995004	8.48439e-08	0.0998334	0.0998334	-4.09528e-09	0.995004	-0.7277	0.0281264	0.72991	
8.48337e-08	1	-4.38927e-09	-0.995004	8.48481e-08	0.0998334	0.0998334	-4.10189e-09	0.995004	-0.7277	0.0281249	0.72994	
8.48403e-08	1	-4.38103e-09	-0.995004	8.48538e-08	0.0998334	0.0998334	-4.11075e-09	0.995004	-0.7277	0.0281245	0.72998	
8.48487e-08	1	-4.37045e-09	-0.995004	8.48611e-08	0.0998334	0.0998334	-4.12212e-09	0.995004	-0.7277	0.028125	0.73001	
8.48593e-08	1	-4.35726e-09	-0.995004	8.48703e-08	0.0998334	0.0998334	-4.13629e-09	0.995004	-0.72769	0.0281266	0.73005	
8.48721e-08	1	-4.34122e-09	-0.995004	8.48815e-08	0.0998334	0.0998334	-4.15354e-09	0.995004	-0.72769	0.028129	0.73008	
8.48875e-08	1	-4.32205e-09	-0.995004	8.48949e-08	0.0998334	0.0998334	-4.17415e-09	0.995004	-0.72768	0.0281325	0.73011	
8.49056e-08	1	-4.29952e-09	-0.995004	8.49107e-08	0.0998334	0.0998334	-4.19838e-09	0.995004	-0.72768	0.0281368	0.73015	
8.49267e-08	1	-4.27336e-09	-0.995004	8.4929e-08	0.0998334	0.0998334	-4.22651e-09	0.995004	-0.72767	0.028142	0.73018	
8.49509e-08	1	-4.24333e-09	-0.995004	8.49501e-08	0.0998334	0.0998334	-4.25881e-09	0.995004	-0.72766	0.0281482	0.73022	
8.49785e-08	1	-4.20918e-09	-0.995004	8.49741e-08	0.0998334	0.0998334	-4.29554e-09	0.995004	-0.72765	0.0281551	0.73025	
8.50096e-08	1	-4.17066e-09	-0.995004	8.50012e-08	0.0998334	0.0998334	-4.33697e-09	0.995004	-0.72764	0.028163	0.73029	
8.50444e-08	1	-4.12753e-09	-0.995004	8.50316e-08	0.0998334	0.0998334	-4.38336e-09	0.995004	-0.72763	0.0281716	0.73032	
8.50832e-08	1	-4.07956e-09	-0.995004	8.50654e-08	0.0998334	0.0998334	-4.43496e-09	0.995004	-0.72762	0.0281811	0.73036	
8.51261e-08	1	-4.0265e-09	-0.995004	8.51028e-08	0.0998334	0.0998334	-4.49204e-09	0.995004	-0.7276	0.0281913	0.73039	
8.51734e-08	1	-3.96813e-09	-0.995004	8.5144e-08	0.0998334	0.0998334	-4.55485e-09	0.995004	-0.72759	0.0282024	0.73042	
8.52252e-08	1	-3.9042e-09	-0.995004	8.51892e-08	0.0998334	0.0998334	-4.62362e-09	0.995004	-0.72757	0.0282142	0.73046	
8.52816e-08	1	-3.83449e-09	-0.995004	8.52384e-08	0.0998334	0.0998334	-4.69862e-09	0.995004	-0.72756	0.0282267	0.73049	
8.5343e-08	1	-3.75878e-09	-0.995004	8.52919e-08	0.0998334	0.0998334	-4.78008e-09	0.995004	-0.72754	0.02824	0.73053	
8.54094e-08	1	-3.67684e-09	-0.995004	8.53498e-08	0.0998334	0.0998334	-4.86824e-09	0.995004	-0.72752	0.028254	0.73056	
8.54811e-08	1	-3.58845e-09	-0.995004	8.54123e-08	0.0998334	0.0998334	-4.96334e-09	0.995004	-0.7275	0.0282687	0.7306	
8.55582e-08	1	-3.4934e-09	-0.995004	8.54795e-08	0.0998334	0.0998334	-5.06561e-09	0.995004	-0.72748	0.0282841	0.73063	
8.56409e-08	1	-3.39148e-09	-0.995004	8.55516e-08	0.0998334	0.0998334	-5.17528e-09	0.995004	-0.72746	0.0283002	0.73067	
8.57293e-08	1	-3.28247e-09	-0.995004	8.56287e-08	0.0998334	0.0998334	-5.29258e-09	0.995004	-0.72744	0.0283169	0.73071	
8.58237e-08	1	-3.16616e-09	-0.995004	8.5711e-08	0.0998334	0.0998334	-5.41773e-09	0.995004	-0.72741	0.0283343	0.73074	
8.59242e-08	1	-3.04236e-09	-0.995004	8.57986e-08	0.0998334	0.0998334	-5.55094e-09	0.995004	-0.72739	0.0283523	0.73078	
8.60309e-08	1	-2.91087e-09	-0.995004	8.58917e-08	0.0998334	0.0998334	-5.69243e-09	0.995004	-0.72737	0.0283709	0.73081	
8.61441e-08	1	-2.77148e-09	-0.995004	8.59904e-08	0.0998334	0.0998334	-5.84242e-09	0.995004	-0.72734	0.0283901	0.73085	
8.62638e-08	1	-2.62401e-09	-0.995004	8.60948e-08	0.0998334	0.0998334	-6.00111e-09	0.995004	-0.72731	0.0284099	0.73088	
8.63903e-08	1	-2.46826e-09	-0.995004	8.62051e-08	0.0998334	0.0998334	-6.16871e-09	0.995004	-0.72729	0.0284303	0.73092	
8.65236e-08	1	-2.30404e-09	-0.995004	8.63214e-08	0.0998334	0.0998334	-6.34541e-09	0.995004	-0.72726	0.0284513	0.73095	
8.6664e-08	1	-2.13118e-09	-0.995004	8.64438e-08	0.0998334	0.0998334	-6.53143e-09	0.995004	-0.72723	0.0284728	0.73099	
8.68116e-08	1	-1.94949e-09	-0.995004	8.65725e-08	0.0998334	0.0998334	-6.72694e-09	0.995004	-0.7272	0.0284948	0.73103	
8.69665e-08	1	-1.75881e-09	-0.995004	8.67076e-08	0.0998334	0.0998334	-6.93214e-09	0.995004	-0.72716	0.0285174	0.73106	
8.71289e-08	1	-1.55896e-09	-0.995004	8.68492e-08	0.0998334	0.0998334	-7.1472e-09	0.995004	-0.72713	0.0285405	0.7311	
8.72988e-08	1	-1.34978e-09	-0.995004	8.69974e-08	0.0998334	0.0998334	-7.3723e-09	0.995004	-0.7271	0.028564	0.73113	
8.74765e-08	1	-1.13109e-09	-0.995004	8.71524e-08	0.0998334	0.0998334	-7.60763e-09	0.995004	-0.72706	0.0285881	0.73117	
8.7662e-08	1	-9.02762e-10	-0.995004	8.73142e-08	0.0998334	0.0998334	-7.85334e-09	0.995004	-0.72703	0.0286127	0.73121	
8.78556e-08	1	-6.64622e-10	-0.995004	8.7483e-08	0.0998334	0.0998334	-8.10961e-09	0.995004	-0.72699	0.0286377	0.73124	
8.80572e-08	1	-4.16528e-10	-0.995004	8.76589e-08	0.0998334	0.0998334	-8.3766e-09	0.995004	-0.72696	0.0286632	0.73128	
8.82671e-08	1	-1.58323e-10	-0.995004	8.78419e-08	0.0998334	0.0998334	-8.65447e-09	0.995004	-0.72692	0.0286891	0.73131	
8.84853e-08	1	1.10125e-10	-0.995004	8.80322e-08	0.0998334	0.0998334	-8.94336e-09	0.995004	-0.72688	0.0287155	0.73135	
8.8712e-08	1	3.88945e-10	-0.995004	8.82299e-08	0.0998334	0.0998334	-9.24341e-09	0.995004	-0.72684	0.0287422	0.73139	
8.89472e-08	1	6.78274e-10	-0.995004	8.84351e-08	0.0998334	0.0998334	-9.55478e-09	0.995004	-0.7268	0.0287694	0.73142	
8.91911e-08	1	9.78239e-10	-0.995004	8.86479e-08	0.0998334	0.0998334	-9.8776e-09	0.995004	-0.72676	0.028797	0.73146	
8.94438e-08	1	1.28895e-09	-0.995004	8.88683e-08	0.0998334	0.0998334	-1.0212e-08	0.995004	-0.72672	0.028825	0.7315	
8.97054e-08	1	1.61054e-09	-0.995004	8.90964e-08	0.0998334	0.0998334	-1.05581e-08	0.995004	-0.72667	0.0288534	0.73153	
8.99759e-08	1	1.94311e-09	-0.995004	8.93324e-08	0.0998334	0.0998334	-1.0916e-08	0.995004	-0.72663	0.0288822	0.73157	
9.02555e-08	1	2.28679e-09	-0.995004	8.95763e-08	0.0998334	0.0998334	-1.12859e-08	0.995004	-0.72659	0.0289113	0.73161	
9.05443e-08	1	2.64166e-09	-0.995004	8.98282e-08	0.0998334	0.0998334	-1.16678e-08	0.995004	-0.72654	0.0289407	0.73165	
9.08423e-08	1	3.00785e-09	-0.995004	9.00881e-08	0.0998334	0.0998334	-1.20619e-08	0.995004	-0.72649	0.0289706	0.73168	
9.11496e-08	1	3.38545e-09	-0.995004	9.03563e-08	0.0998334	0.0998334	-1.24683e-08	0.995004	-0.72645	0.0290007	0.73172	
9.14664e-08	1	3.77454e-09	-0.995004	9.06326e-08	0.0998334	0.0998334	-1.28871e-08	0.995004	-0.7264	0.0290312	0.73176	
9.17926e-08	1	4.17523e-09	-0.995004	9.09172e-08	0.0998334	0.0998334	-1.33183e-08	0.995004	-0.72635	0.029062	0.7318	
9.21284e-08	1	4.58758e-09	-0.995004	9.12101e-08	0.0998334	0.0998334	-1.37621e-08	0.995004	-0.7263	0.0290931	0.73183	
9.24738e-08	1	5.01168e-09	-0.995004	9.15115e-08	0.0998333	0.0998333	-1.42186e-08	0.995004	-0.72625	0.0291245	0.73187	
9.2829e-08	1	5.44761e-09	-0.995004	9.18213e-08	0.0998333	0.0998333	-1.46878e-08	0.995004	-0.7262	0.0291562	0.73191	
9.31939e-08	1	5.89544e-09	-0.995004	9.21397e-08	0.0998333	0.0998333	-1.51698e-08	0.995004	-0.72615	0.0291881	0.73195	
9.35686e-08	1	6.35523e-09	-0.995004	9.24667e-08	0.0998333	0.0998333	-1.56647e-08	0.995004	-0.72609	0.0292204	0.73198	
9.39532e-08	1	6.82704e-09	-0.995004	9.28022e-08	0.0998333	0.0998333	-1.61726e-08	0.995004	-0.72604	0.0292529	0.73202	
9.43477e-08	1	7.31092e-09	-0.995004	9.31465e-08	0.0998333	0.0998333	-1.66934e-08	0.995004	-0.72598	0.0292857	0.73206	
9.47523e-08	1	7.80694e-09	-0.995004	9.34995e-08	0.0998333	0.0998333	-1.72274e-08	0.995004	-0.72593	0.0293187	0.7321	
9.51668e-08	1	8.31513e-09	-0.995004	9.38613e-08	0.0998333	0.0998333	-1.77744e-08	0.995004	-0.72587	0.029352	0.73214	
9.55915e-08	1	8.83553e-09	-0.995004	9.42318e-08	0.0998333	0.0998333	-1.83346e-08	0.995004	-0.72582	0.0293855	0.73217	
9.60262e-08	1	9.36819e-09	-0.995004	9.46112e-08	0.0998333	0.0998333	-1.8908e-08	0.995004	-0.72576	0.0294192	0.73221	
9.64711e-08	1	9.91313e-09	-0.995004	9.49995e-08	0.0998333	0.0998333	-1.94946e-08	0.995004	-0.7257	0.0294532	0.73225	
9.69262e-08	1	1.04704e-08	-0.995004	9.53967e-08	0.0998333	0.0998333	-2.00945e-08	0.995004	-0.72564	0.0294874	0.73229	
9.73915e-08	1	1.104e-08	-0.995004	9.58028e-08	0.0998333	0.0998333	-2.07077e-08	0.995004	-0.72558	0.0295218	0.73233	
9.78671e-08	1	1.16219e-08	-0.995004	9.62179e-08	0.0998333	0.0998333	-2.13342e-08	0.995004	-0.72552	0.0295563	0.73237	
9.83529e-08	1	1.22162e-08	-0.995004	9.66419e-08	0.0998333	0.0998333	-2.19741e-08	0.995004	-0.72546	0.0295911	0.73241	
9.8849e-08	1	1.28229e-08	-0.995004	9.7075e-08	0.0998333	0.0998333	-2.26272e-08	0.995004	-0.7254	0.0296261	0.73245	
9.93553e-08	1	1.34419e-08	-0.995004	9.7517e-08	0.0998333	0.0998333	-2.32937e-08	0.995004	-0.72534	0.0296612	0.73248	
9.9872e-08	1	1.40733e-08	-0.995004	9.79681e-08	0.0998333	0.0998333	-2.39736e-08	0.995004	-0.72527	0.0296965	0.73252	
1.00399e-07	1	1.47171e-08	-0.995004	9.84282e-08	0.0998333	0.0998333	-2.46668e-08	0.995004	-0.72521	0.029732	0.73256	
1.00936e-07	1	1.53733e-08	-0.995004	9.88973e-08	0.0998333	0.0998333	-2.53733e-08	0.995004	-0.72514	0.0297676	0.7326	
1.01484e-07	1	1.60417e-08	-0.995004	9.93754e-08	0.0998333	0.0998333	-2.60931e-08	0.995004	-0.72508	0.0298034	0.73264	
1.02042e-07	1	1.67225e-08	-0.995004	9.98626e-08	0.0998333	0.0998333	-2.68261e-08	0.995004	-0.72501	0.0298394	0.73268	
1.0261e-07	1	1.74156e-08	-0.995004	1.00359e-07	0.0998333	0.0998333	-2.75725e-08	0.995004	-0.72495	0.0298755	0.73272	
1.03189e-07	1	1.81209e-08	-0.995004	1.00864e-07	0.0998333	0.0998333	-2.8332e-08	0.995004	-0.72488	0.0299117	0.73276	
1.03777e-07	1	1.88384e-08	-0.995004	1.01378e-07	0.0998333	0.0998333	-2.91047e-08	0.995004	-0.72481	0.0299481	0.7328	
1.04376e-07	1	1.95681e-08	-0.995004	1.01901e-07	0.0998333	0.0998333	-2.98906e-08	0.995004	-0.72474	0.0299845	0.73284	
1.04986e-07	1	2.031e-08	-0.995004	1.02434e-07	0.0998333	0.0998333	-3.06896e-08	0.995004	-0.72467	0.0300211	0.73288	
1.05605e-07	1	2.10639e-08	-0.995004	1.02975e-07	0.0998333	0.0998333	-3.15016e-08	0.995004	-0.7246	0.0300579	0.73292	
1.06235e-07	1	2.18298e-08	-0.995004	1.03525e-07	0.0998333	0.0998333	-3.23265e-08	0.995004	-0.72453	0.0300947	0.73296	
1.06875e-07	1	2.26077e-08	-0.995004	1.04084e-07	0.0998333	0.0998333	-3.31644e-08	0.995004	-0.72446	0.0301316	0.733	
1.07525e-07	1	2.33975e-08	-0.995004	1.04652e-07	0.0998333	0.0998333	-3.40152e-08	0.995004	-0.72439	0.0301686	0.73304	
1.08185e-07	1	2.41991e-08	-0.995004	1.05229e-07	0.0998333	0.0998333	-3.48787e-08	0.995004	-0.72432	0.0302058	0.73308	
1.08855e-07	1	2.50125e-08	-0.995004	1.05814e-07	0.0998333	0.0998333	-3.57549e-08	0.995004	-0.72424	0.030243	0.73312	
1.09535e-07	1	2.58375e-08	-0.995004	1.06408e-07	0.0998333	0.0998333	-3.66437e-08	0.995004	-0.72417	0.0302803	0.73316	
1.10225e-07	1	2.66742e-08	-0.995004	1.07011e-07	0.0998333	0.0998333	-3.7545e-08	0.995004	-0.7241	0.0303176	0.7332	
1.10925e-07	1	2.75223e-08	-0.995004	1.07623e-07	0.0998333	0.0998333	-3.84588e-08	0.995004	-0.72402	0.0303551	0.73324	
1.11635e-07	1	2.83818e-08	-0.995004	1.08244e-07	0.0998333	0.0998333	-3.93849e-08	0.995004	-0.72395	0.0303926	0.73328	
1.12354e-07	1	2.92526e-08	-0.995004	1.08873e-07	0.0998333	0.0998333	-4.03232e-08	0.995004	-0.72387	0.0304302	0.73332	
1.13084e-07	1	3.01347e-08	-0.995004	1.0951e-07	0.0998333	0.0998333	-4.12736e-08	0.995004	-0.72379	0.0304678	0.73336	
1.13822e-07	1	3.10278e-08	-0.995004	1.10156e-07	0.0998333	0.0998333	-4.2236e-08	0.995004	-0.72372	0.0305055	0.73341	
1.14571e-07	1	3.19319e-08	-0.995004	1.10811e-07	0.0998333	0.0998333	-4.32103e-08	0.995004	-0.72364	0.0305433	0.73345	
1.15329e-07	1	3.28468e-08	-0.995004	1.11473e-07	0.0998333	0.0998333	-4.41964e-08	0.995004	-0.72356	0.0305811	0.73349	
1.16096e-07	1	3.37725e-08	-0.995004	1.12145e-07	0.0998333	0.0998333	-4.51941e-08	0.995004	-0.72348	0.030619	0.73353	
1.16873e-07	1	3.47088e-08	-0.995004	1.12824e-07	0.0998332	0.0998332	-4.62032e-08	0.995004	-0.7234	0.0306568	0.73357	
1.17659e-07	1	3.56556e-08	-0.995004	1.13511e-07	0.0998332	0.0998332	-4.72237e-08	0.995004	-0.72333	0.0306948	0.73361	
1.18454e-07	1	3.66127e-08	-0.995004	1.14207e-07	0.0998332	0.0998332	-4.82555e-08	0.995004	-0.72325	0.0307327	0.73365	
1.19258e-07	1	3.75801e-08	-0.995004	1.14911e-07	0.0998332	0.0998332	-4.92983e-08	0.995004	-0.72317	0.0307707	0.73369	
1.20071e-07	1	3.85575e-08	-0.995004	1.15622e-07	0.0998332	0.0998332	-5.0352e-08	0.995004	-0.72308	0.0308087	0.73374	
1.20894e-07	1	3.95448e-08	-0.995004	1.16342e-07	0.0998332	0.0998332	-5.14164e-08	0.995004	-0.723	0.0308467	0.73378	
1.21724e-07	1	4.05419e-08	-0.995004	1.17069e-07	0.0998332	0.0998332	-5.24915e-08	0.995004	-0.72292	0.0308848	0.73382	
1.22564e-07	1	4.15486e-08	-0.995004	1.17804e-07	0.0998332	0.0998332	-5.35769e-08	0.995004	-0.72284	0.0309228	0.73386	
1.23412e-07	1	4.25647e-08	-0.995004	1.18546e-07	0.0998332	0.0998332	-5.46727e-08	0.995004	-0.72276	0.0309609	0.7339	
1.24269e-07	1	4.35901e-08	-0.995004	1.19296e-07	0.0998332	0.0998332	-5.57785e-08	0.995004	-0.72267	0.030999	0.73395	
-0.000601411	1	-0.000101569	-0.995004	-0.000588267	0.0998312	0.0998311	0.000161101	0.995004	-0.72264	0.0310214	0.73395	
-0.00131799	0.999999	-0.000238419	-0.995004	-0.00128761	0.099823	0.0998226	0.000368794	0.995005	-0.72262	0.0310392	0.73395	
-0.00199896	0.999998	-0.000385332	-0.995005	-0.00195052	0.0998089	0.0998079	0.000582921	0.995007	-0.7226	0.0310563	0.73394	
-0.00264785	0.999996	-0.000541476	-0.995005	-0.0025806	0.0997893	0.0997875	0.000802999	0.995008	-0.72258	0.0310729	0.73393	
-0.00326792	0.999994	-0.000706063	-0.995006	-0.00318117	0.0997646	0.0997618	0.00102856	0.995011	-0.72256	0.0310889	0.73393	
-0.0038621	0.999992	-0.000878348	-0.995007	-0.00375524	0.099735	0.099731	0.00125915	0.995014	-0.72253	0.0311044	0.73392	
-0.00443307	0.99999	-0.00105767	-0.995008	-0.00430553	0.0997011	0.0996955	0.00149437	0.995017	-0.72251	0.0311196	0.73392	
-0.0049832	0.999987	-0.00124346	-0.99501	-0.00483447	0.0996629	0.0996555	0.0017339	0.99502	-0.72249	0.0311343	0.73391	
-0.00551469	0.999984	-0.00143519	-0.995011	-0.00534429	0.0996208	0.0996115	0.00197741	0.995024	-0.72247	0.0311488	0.73391	
-0.00602951	0.99998	-0.00163236	-0.995013	-0.00583701	0.099575	0.0995635	0.00222461	0.995029	-0.72246	0.031163	0.7339	
-0.00652946	0.999977	-0.00183451	-0.995015	-0.00631447	0.0995257	0.0995119	0.00247522	0.995033	-0.72244	0.0311769	0.7339	
-0.00701615	0.999973	-0.00204123	-0.995017	-0.00677832	0.0994732	0.0994567	0.00272898	0.995038	-0.72242	0.0311907	0.73389	
-0.00749106	0.999969	-0.00225215	-0.99502	-0.00723006	0.0994177	0.0993983	0.00298568	0.995043	-0.7224	0.0312042	0.73389	
-0.0079555	0.999965	-0.00246691	-0.995022	-0.00767106	0.0993592	0.0993369	0.00324509	0.995049	-0.72238	0.0312177	0.73388	
-0.00841069	0.999961	-0.00268521	-0.995025	-0.00810252	0.0992981	0.0992724	0.00350702	0.995054	-0.72236	0.0312309	0.73388	
-0.0088577	0.999957	-0.00290676	-0.995028	-0.00852557	0.0992343	0.0992052	0.00377129	0.99506	-0.72234	0.0312441	0.73387	
-0.00929751	0.999952	-0.00313128	-0.995031	-0.00894122	0.0991682	0.0991354	0.00403774	0.995066	-0.72232	0.0312572	0.73387	
-0.0097306	0.999947	-0.00335421	-0.995034	-0.00935036	0.0990997	0.0990631	0.00430185	0.995072	-0.7223	0.0312703	0.73386	
-0.0101571	0.999942	-0.00357136	-0.995037	-0.00975363	0.0990292	0.0989887	0.00455949	0.995078	-0.72228	0.0312832	0.73386	
-0.0105776	0.999937	-0.00378311	-0.99504	-0.0101514	0.0989568	0.0989121	0.00481107	0.995085	-0.72225	0.0312962	0.73385	
-0.0109903	0.999932	-0.00398884	-0.995043	-0.0105421	0.098883	0.0988342	0.00505582	0.995091	-0.72222	0.0313091	0.73385	
-0.0113372	0.999927	-0.00416081	-0.995046	-0.0108706	0.0988208	0.0987683	0.00526055	0.995097	-0.72219	0.0313255	0.73384	
-0.0116097	0.999923	-0.00429528	-0.995048	-0.0111288	0.0987725	0.0987172	0.00542072	0.995101	-0.72214	0.0313459	0.73384	
-0.0118268	0.99992	-0.00440184	-0.995049	-0.0113345	0.0987347	0.0986769	0.00554776	0.995104	-0.72208	0.0313692	0.73384	
-0.0120025	0.999918	-0.00448753	-0.99505	-0.0115011	0.0987046	0.0986449	0.00565002	0.995107	-0.72202	0.0313947	0.73384	
-0.0121473	0.999916	-0.00455768	-0.995051	-0.0116384	0.0986803	0.098619	0.00573382	0.995109	-0.72196	0.0314219	0.73383	
-0.012269	0.999914	-0.00461615	-0.995052	-0.0117538	0.0986604	0.0985977	0.00580377	0.99511	-0.72189	0.0314502	0.73383	
-0.0123733	0.999913	-0.00466588	-0.995052	-0.0118528	0.0986438	0.0985799	0.00586335	0.995112	-0.72182	0.0314794	0.73383	
-0.0124646	0.999911	-0.00470906	-0.995053	-0.0119395	0.0986296	0.0985646	0.00591514	0.995113	-0.72174	0.0315092	0.73383	
-0.0125461	0.99991	-0.00474732	-0.995053	-0.012017	0.0986172	0.0985513	0.0059611	0.995114	-0.72167	0.0315394	0.73383	
-0.0126203	0.999909	-0.00478188	-0.995053	-0.0120874	0.0986062	0.0985394	0.00600266	0.995115	-0.72159	0.03157	0.73383	
