-1	-1.48081e-07	6.24655e-06	1.48077e-07	-1	-6.72011e-07	6.24655e-06	-6.72011e-07	1	-0.762818	0.0240132	0.557515	
-1	-2.51097e-06	5.9985e-05	2.51059e-06	-1	-6.35072e-06	5.99851e-05	-6.35057e-06	1	-0.762818	0.0240109	0.557726	
-1	-4.31005e-06	0.000100857	4.30898e-06	-1	-1.06696e-05	0.000100857	-1.06692e-05	1	-0.762818	0.0240092	0.558093	
-1	-5.64557e-06	0.000131151	5.64375e-06	-1	-1.38706e-05	0.000131151	-1.38699e-05	1	-0.762818	0.0240079	0.558579	
-1	-6.60143e-06	0.000152783	6.59896e-06	-1	-1.61564e-05	0.000152783	-1.61554e-05	1	-0.762818	0.0240069	0.559153	
-1	-7.2478e-06	0.000167357	7.24484e-06	-1	-1.76964e-05	0.000167357	-1.76951e-05	1	-0.762818	0.0240063	0.559791	
-1	-7.64328e-06	0.000176213	7.64e-06	-1	-1.8632e-05	0.000176213	-1.86306e-05	1	-0.762818	0.0240059	0.560472	
-1	-7.83677e-06	0.000180466	7.83333e-06	-1	-1.90813e-05	0.000180466	-1.90799e-05	1	-0.762818	0.0240057	0.56118	
-1	-7.86898e-06	0.000181048	7.86552e-06	-1	-1.91425e-05	0.000181048	-1.91411e-05	1	-0.762818	0.0240057	0.561901	
-1	-7.77374e-06	0.00017873	7.77037e-06	-1	-1.88973e-05	0.00017873	-1.88959e-05	1	-0.762818	0.0240058	0.562625	
-1	-7.57913e-06	0.000174154	7.57592e-06	-1	-1.84133e-05	0.000174154	-1.8412e-05	1	-0.762818	0.024006	0.563343	
-1	-7.30834e-06	0.000167849	7.30537e-06	-1	-1.77466e-05	0.00016785	-1.77454e-05	1	-0.762818	0.0240063	0.564048	
-1	-6.98054e-06	0.000160253	6.97783e-06	-1	-1.69433e-05	0.000160253	-1.69422e-05	1	-0.762818	0.0240066	0.564736	
-1	-6.61145e-06	0.000151722	6.60901e-06	-1	-1.60413e-05	0.000151722	-1.60403e-05	1	-0.762818	0.0240069	0.565402	
-1	-6.21393e-06	0.000142551	6.21178e-06	-1	-1.50715e-05	0.000142551	-1.50706e-05	1	-0.762818	0.0240073	0.566043	
-1	-5.79847e-06	0.000132978	5.7966e-06	-1	-1.40592e-05	0.000132978	-1.40584e-05	1	-0.762819	0.0240077	0.566657	
-1	-5.37355e-06	0.000123197	5.37194e-06	-1	-1.30248e-05	0.000123197	-1.30241e-05	1	-0.762819	0.0240082	0.567244	
-1	-4.94597e-06	0.000113361	4.94461e-06	-1	-1.19847e-05	0.000113361	-1.19841e-05	1	-0.762819	0.0240086	0.567802	
-1	-4.52115e-06	0.000103594	4.52001e-06	-1	-1.09519e-05	0.000103594	-1.09514e-05	1	-0.762819	0.024009	0.56833	
-1	-4.10336e-06	9.39931e-05	4.10243e-06	-1	-9.93661e-06	9.39932e-05	-9.93622e-06	1	-0.762819	0.0240094	0.568829	
-1	-3.69591e-06	8.46331e-05	3.69515e-06	-1	-8.94681e-06	8.46332e-05	-8.9465e-06	1	-0.762819	0.0240098	0.5693	
-1	-3.30131e-06	7.5571e-05	3.3007e-06	-1	-7.98852e-06	7.55711e-05	-7.98827e-06	1	-0.762819	0.0240102	0.569742	
-1	-2.92142e-06	6.6849e-05	2.92095e-06	-1	-7.0662e-06	6.6849e-05	-7.066e-06	1	-0.762819	0.0240106	0.570156	
-1	-2.55758e-06	5.84969e-05	2.55722e-06	-1	-6.18301e-06	5.84969e-05	-6.18286e-06	1	-0.762819	0.0240109	0.570544	
-1	-2.21067e-06	5.05348e-05	2.2104e-06	-1	-5.34107e-06	5.05348e-05	-5.34096e-06	1	-0.762819	0.0240113	0.570906	
-1	-1.88122e-06	4.29745e-05	1.88102e-06	-1	-4.54164e-06	4.29745e-05	-4.54156e-06	1	-0.762819	0.0240116	0.571243	
-1	-1.56948e-06	3.58214e-05	1.56934e-06	-1	-3.78528e-06	3.58214e-05	-3.78522e-06	1	-0.762819	0.0240119	0.571557	
-1	-1.27546e-06	2.90757e-05	1.27537e-06	-1	-3.07201e-06	2.90757e-05	-3.07197e-06	1	-0.762819	0.0240122	0.571847	
-1	-6.94552e-05	0.000254946	6.95013e-05	-1	0.000181067	0.000254933	0.000181085	1	-0.762826	0.0240288	0.572004	
-1	-0.000201653	0.000842086	0.0002022	-1	0.000649041	0.000841955	0.000649211	0.999999	-0.76284	0.024079	0.571975	
-0.999999	-0.000287621	0.00142764	0.00028921	-0.999999	0.00111316	0.00142731	0.00111357	0.999998	-0.762845	0.0241379	0.571947	
-0.999998	-0.000335505	0.00201156	0.00033867	-0.999999	0.00157346	0.00201103	0.00157413	0.999997	-0.762841	0.024204	0.57192	
-0.999997	-0.00035214	0.00259384	0.000357406	-0.999998	0.00202995	0.00259312	0.00203087	0.999995	-0.76283	0.0242759	0.571893	
-0.999995	-0.00034325	0.00317446	0.000351132	-0.999997	0.00248265	0.0031736	0.00248375	0.999992	-0.762811	0.0243525	0.571868	
-0.999993	-0.000313627	0.00375341	0.000324631	-0.999996	0.00293156	0.00375248	0.00293275	0.999989	-0.762784	0.0244329	0.571843	
-0.999991	-0.000267275	0.00433068	0.000281899	-0.999994	0.00337668	0.00432975	0.00337786	0.999985	-0.762751	0.0245162	0.571819	
-0.999988	-0.000207535	0.00490627	0.000226268	-0.999993	0.003818	0.00490544	0.00381906	0.999981	-0.762711	0.0246018	0.571795	
-0.999985	-0.000137191	0.00548017	0.000160513	-0.999991	0.00425552	0.00547954	0.00425634	0.999976	-0.762665	0.0246892	0.571772	
-0.999982	-5.85582e-05	0.0060524	8.69402e-05	-0.999989	0.00468923	0.00605206	0.00468967	0.999971	-0.762614	0.0247779	0.57175	
-0.999978	2.64438e-05	0.00662294	7.46031e-06	-0.999987	0.00511912	0.00662299	0.00511906	0.999965	-0.762557	0.0248674	0.571729	
-0.999974	0.000116226	0.00719181	-7.63462e-05	-0.999985	0.00554517	0.00719234	0.00554448	0.999959	-0.762496	0.0249575	0.571708	
-0.99997	0.000209477	0.00775901	-0.000163177	-0.999982	0.00596737	0.00776012	0.00596593	0.999952	-0.762429	0.0250478	0.571688	
-0.999965	0.000305119	0.00832454	-0.000251964	-0.99998	0.00638571	0.00832631	0.00638339	0.999945	-0.762358	0.0251382	0.571669	
-0.99996	0.00040227	0.0088884	-0.000341832	-0.999977	0.00680018	0.00889093	0.00679687	0.999937	-0.762284	0.0252284	0.57165	
-0.999955	0.000500211	0.0094506	-0.000432072	-0.999974	0.00721075	0.00945396	0.00720635	0.999929	-0.762205	0.0253183	0.571633	
-0.99995	0.00059836	0.0100111	-0.000522109	-0.999971	0.00761743	0.0100154	0.00761182	0.999921	-0.762122	0.0254077	0.571615	
-0.999944	0.000696246	0.01057	-0.000611485	-0.999968	0.00802019	0.0105753	0.00801328	0.999912	-0.762036	0.0254966	0.571599	
-0.999938	0.000793498	0.0111273	-0.000699833	-0.999964	0.00841902	0.0111336	0.00841071	0.999903	-0.761947	0.0255849	0.571583	
-0.999931	0.00088982	0.0116829	-0.000786867	-0.999961	0.00881392	0.0116903	0.00880412	0.999893	-0.761855	0.0256724	0.571568	
-0.999925	0.000984982	0.0122368	-0.000872367	-0.999957	0.00920487	0.0122454	0.0091935	0.999883	-0.761761	0.0257591	0.571554	
-0.999918	0.00107881	0.0127891	-0.000956166	-0.999954	0.00959186	0.0127989	0.00957884	0.999872	-0.761663	0.0258451	0.571541	
-0.99991	0.00117117	0.0133398	-0.00103814	-0.99995	0.00997487	0.0133508	0.00996013	0.999861	-0.761563	0.0259301	0.571528	
-0.999903	0.00126197	0.0138888	-0.00111821	-0.999946	0.0103539	0.0139011	0.0103374	0.99985	-0.761461	0.0260142	0.571516	
-0.999895	0.00135115	0.0144362	-0.00119631	-0.999942	0.0107289	0.0144499	0.0107105	0.999838	-0.761357	0.0260975	0.571504	
-0.999887	0.00143866	0.014982	-0.00127241	-0.999938	0.0111	0.014997	0.0110797	0.999826	-0.761251	0.0261797	0.571494	
-0.999878	0.00152448	0.0155261	-0.00134651	-0.999933	0.011467	0.0155425	0.0114447	0.999814	-0.761143	0.026261	0.571484	
-0.99987	0.00160862	0.0160686	-0.0014186	-0.999929	0.01183	0.0160865	0.0118057	0.999801	-0.761033	0.0263414	0.571475	
-0.999861	0.00169107	0.0166094	-0.0014887	-0.999925	0.012189	0.0166288	0.0121626	0.999788	-0.760922	0.0264207	0.571466	
-0.999851	0.00177186	0.0171486	-0.00155684	-0.99992	0.0125439	0.0171695	0.0125154	0.999774	-0.760809	0.0264991	0.571459	
-0.999842	0.00185101	0.0176862	-0.00162305	-0.999916	0.0128948	0.0177086	0.0128641	0.99976	-0.760695	0.0265765	0.571452	
-0.999832	0.00192856	0.0182222	-0.00168738	-0.999911	0.0132416	0.0182461	0.0132087	0.999746	-0.76058	0.0266529	0.571445	
-0.999822	0.00200453	0.0187565	-0.00174986	-0.999906	0.0135844	0.018782	0.0135492	0.999732	-0.760463	0.0267283	0.57144	
-0.999812	0.00207897	0.0192893	-0.00181054	-0.999901	0.0139231	0.0193163	0.0138855	0.999717	-0.760346	0.0268028	0.571435	
-0.999801	0.00215191	0.0198203	-0.00186947	-0.999897	0.0142577	0.019849	0.0142178	0.999702	-0.760227	0.0268762	0.571431	
-0.99979	0.00222341	0.0203498	-0.00192671	-0.999892	0.0145882	0.02038	0.014546	0.999686	-0.760107	0.0269487	0.571428	
-0.999779	0.0022935	0.0208776	-0.00198229	-0.999887	0.0149146	0.0209095	0.01487	0.999671	-0.759987	0.0270202	0.571426	
-0.999768	0.00236222	0.0214038	-0.00203628	-0.999882	0.015237	0.0214373	0.0151899	0.999655	-0.759865	0.0270907	0.571424	
-0.999757	0.00242961	0.0219284	-0.00208872	-0.999877	0.0155552	0.0219635	0.0155056	0.999639	-0.759743	0.0271602	0.571423	
-0.999745	0.00249572	0.0224513	-0.00213966	-0.999872	0.0158693	0.022488	0.0158172	0.999622	-0.75962	0.0272288	0.571423	
-0.999733	0.00256059	0.0229726	-0.00218916	-0.999867	0.0161792	0.023011	0.0161246	0.999605	-0.759497	0.0272965	0.571424	
-0.999721	0.00262426	0.0234923	-0.00223724	-0.999862	0.0164851	0.0235323	0.0164279	0.999588	-0.759373	0.0273631	0.571426	
-0.999708	0.00268675	0.0240104	-0.00228398	-0.999856	0.0167868	0.024052	0.016727	0.999571	-0.759248	0.0274289	0.571428	
-0.999695	0.00274811	0.0245268	-0.00232939	-0.999851	0.0170843	0.0245701	0.017022	0.999553	-0.759123	0.0274937	0.571431	
-0.999682	0.00280838	0.0250416	-0.00237354	-0.999846	0.0173777	0.0250865	0.0173128	0.999535	-0.758997	0.0275575	0.571435	
-0.999669	0.00286758	0.0255548	-0.00241645	-0.999841	0.0176669	0.0256014	0.0175993	0.999517	-0.758871	0.0276204	0.571439	
-0.999656	0.00292574	0.0260663	-0.00245817	-0.999836	0.017952	0.0261145	0.0178818	0.999499	-0.758744	0.0276824	0.571445	
-0.999642	0.0029829	0.0265762	-0.00249873	-0.999831	0.0182329	0.0266261	0.01816	0.99948	-0.758617	0.0277434	0.571451	
-0.999629	0.00303909	0.0270845	-0.00253818	-0.999825	0.0185096	0.027136	0.018434	0.999462	-0.75849	0.0278036	0.571458	
-0.999615	0.00309432	0.0275911	-0.00257654	-0.99982	0.0187821	0.0276443	0.0187038	0.999443	-0.758362	0.0278628	0.571466	
-0.9996	0.00314862	0.0280962	-0.00261384	-0.999815	0.0190504	0.0281509	0.0189694	0.999424	-0.758234	0.0279211	0.571474	
-0.999586	0.00320202	0.0285995	-0.00265013	-0.99981	0.0193146	0.0286559	0.0192308	0.999404	-0.758106	0.0279785	0.571484	
-0.999571	0.00325454	0.0291013	-0.00268542	-0.999805	0.0195745	0.0291593	0.0194879	0.999385	-0.757977	0.0280349	0.571494	
-0.999556	0.0033062	0.0296014	-0.00271974	-0.9998	0.0198302	0.029661	0.0197409	0.999365	-0.757848	0.0280905	0.571505	
-0.999541	0.00335701	0.0300999	-0.00275313	-0.999795	0.0200816	0.0301611	0.0199896	0.999345	-0.757719	0.0281452	0.571517	
-0.999526	0.003407	0.0305968	-0.00278561	-0.999789	0.0203289	0.0306596	0.020234	0.999325	-0.75759	0.028199	0.571529	
-0.999511	0.00345618	0.031092	-0.0028172	-0.999784	0.0205719	0.0311564	0.0204742	0.999305	-0.75746	0.0282519	0.571543	
-0.999495	0.00350457	0.0315856	-0.00284792	-0.999779	0.0208107	0.0316515	0.0207102	0.999284	-0.75733	0.0283039	0.571557	
-0.999479	0.00355218	0.0320775	-0.0028778	-0.999774	0.0210452	0.0321451	0.0209419	0.999264	-0.7572	0.028355	0.571572	
-0.999463	0.00359902	0.0325679	-0.00290685	-0.999769	0.0212754	0.0326369	0.0211693	0.999243	-0.75707	0.0284052	0.571588	
-0.999447	0.0036451	0.0330565	-0.0029351	-0.999765	0.0215014	0.0331271	0.0213925	0.999222	-0.75694	0.0284546	0.571605	
-0.999436	0.00351346	0.0333863	-0.00278872	-0.99976	0.0217297	0.0334546	0.0216243	0.999206	-0.756857	0.0285022	0.571607	
-0.999428	0.00335545	0.0336427	-0.00261739	-0.999755	0.0219583	0.0337082	0.0218577	0.999193	-0.756796	0.0285493	0.571602	
-0.99942	0.0032464	0.0338963	-0.00249507	-0.999751	0.0221842	0.0339598	0.0220868	0.999179	-0.756734	0.0285962	0.571598	
-0.999412	0.00317741	0.0341471	-0.00241288	-0.999746	0.0224073	0.0342096	0.0223117	0.999166	-0.756672	0.0286428	0.571596	
-0.999403	0.00314104	0.0343953	-0.00236336	-0.999741	0.0226272	0.0344575	0.0225324	0.999152	-0.75661	0.0286891	0.571594	
-0.999395	0.00313104	0.0346411	-0.0023403	-0.999736	0.0228437	0.0347035	0.0227488	0.999139	-0.756548	0.0287348	0.571592	
-0.999387	0.003122	0.0348663	-0.00231866	-0.999731	0.0230574	0.034929	0.0229624	0.999126	-0.756491	0.0287799	0.57159	
-0.99938	0.00312332	0.0350781	-0.0023077	-0.999727	0.023268	0.0351412	0.0231727	0.999114	-0.756437	0.0288243	0.571588	
-0.999373	0.00313676	0.0352804	-0.00230911	-0.999722	0.0234754	0.0353443	0.0233792	0.999102	-0.756386	0.0288682	0.571586	
-0.999366	0.00315992	0.0354733	-0.00232051	-0.999717	0.0236794	0.035538	0.023582	0.99909	-0.756336	0.0289114	0.571583	
-0.999359	0.0031908	0.0356566	-0.00233991	-0.999712	0.0238799	0.0357226	0.0237812	0.999079	-0.756289	0.0289538	0.571581	
-0.999353	0.00322774	0.0358305	-0.00236564	-0.999707	0.0240769	0.0358978	0.0239766	0.999068	-0.756244	0.0289956	0.57158	
-0.99936	0.00323308	0.0356245	-0.00237643	-0.999708	0.0240629	0.0356918	0.0239629	0.999076	-0.756303	0.0289572	0.571584	
-0.999393	0.00317289	0.0347048	-0.00235269	-0.999718	0.0236489	0.03477	0.0235529	0.999118	-0.756557	0.0287663	0.5716	
-0.999443	0.00306266	0.033236	-0.0023012	-0.999735	0.0229247	0.0332974	0.0228354	0.999185	-0.756962	0.0284573	0.571623	
-0.999504	0.00291561	0.0313542	-0.00222732	-0.999756	0.0219647	0.0314106	0.0218839	0.999267	-0.75748	0.0280587	0.571653	
-0.999571	0.00274274	0.0291712	-0.0021354	-0.999781	0.0208306	0.0292219	0.0207594	0.999357	-0.758081	0.0275939	0.571686	
-0.999638	0.00255304	0.0267787	-0.00202913	-0.999806	0.0195732	0.0268234	0.0195118	0.99945	-0.75874	0.0270823	0.57172	
-0.999703	0.00235371	0.0242514	-0.00191168	-0.999832	0.0182339	0.0242902	0.0181821	0.99954	-0.759437	0.0265396	0.571755	
-0.999763	0.0021504	0.0216498	-0.0017858	-0.999856	0.0168461	0.0216829	0.0168034	0.999624	-0.760156	0.0259786	0.571788	
-0.999817	0.00194745	0.0190224	-0.00165388	-0.999879	0.0154367	0.0190502	0.0154024	0.9997	-0.760883	0.0254095	0.571821	
-0.999864	0.00174814	0.0164078	-0.00151802	-0.9999	0.0140269	0.0164307	0.0140001	0.999767	-0.761607	0.0248405	0.571851	
-0.999903	0.00155483	0.0138363	-0.00138004	-0.999919	0.0126334	0.0138549	0.0126131	0.999824	-0.762321	0.024278	0.571879	
-0.999935	0.00136917	0.0113313	-0.00124147	-0.999936	0.011269	0.011346	0.0112542	0.999872	-0.763017	0.0237272	0.571905	
-0.99996	0.00119227	0.0089105	-0.00110365	-0.99995	0.00994319	0.0089219	0.00993296	0.999911	-0.763691	0.0231917	0.57193	
-0.999976	0.000760551	0.006874	-0.000699799	-0.999961	0.0088361	0.00688045	0.00883108	0.999937	-0.764294	0.0227124	0.571922	
-0.999988	0.000379059	0.00491818	-0.000340755	-0.99997	0.00778663	0.00492098	0.00778486	0.999958	-0.764877	0.0222539	0.571909	
-0.999995	6.8122e-05	0.00302404	-4.76211e-05	-0.999977	0.00677884	0.00302444	0.00677866	0.999972	-0.765441	0.0218136	0.571896	
-0.999999	-0.000183339	0.00120428	0.000190341	-0.999983	0.00581646	0.00120319	0.00581668	0.999982	-0.765982	0.0213931	0.571881	
-1	-0.000384765	-0.00053199	0.000382152	-0.999988	0.00490187	-0.000533869	0.00490167	0.999988	-0.766499	0.0209931	0.571866	
-0.999997	-0.000544194	-0.00217852	0.000535398	-0.999992	0.00403637	-0.0021807	0.00403519	0.999989	-0.766989	0.0206142	0.571851	
-0.999993	-0.000668469	-0.00373144	0.000656453	-0.999995	0.00322036	-0.00373358	0.00321789	0.999988	-0.767453	0.0202565	0.571835	
-0.999986	-0.000763402	-0.00518878	0.000750679	-0.999997	0.00245359	-0.00519064	0.00244966	0.999984	-0.767889	0.0199199	0.571819	
-0.999978	-0.000833935	-0.00655007	0.000822585	-0.999998	0.00173524	-0.0065515	0.00172981	0.999977	-0.768297	0.0196041	0.571803	
-0.999969	-0.000884255	-0.00781606	0.000875964	-0.999999	0.00106412	-0.00781699	0.00105724	0.999969	-0.768678	0.0193086	0.571788	
-0.999959	-0.000917911	-0.00898842	0.000914004	-0.999999	0.000438731	-0.00898882	0.000430498	0.99996	-0.769032	0.0190327	0.571773	
-0.999949	-0.000937905	-0.0100696	0.000939389	-1	-0.000142649	-0.0100694	-0.000152101	0.999949	-0.769359	0.0187759	0.571758	
-0.999938	-0.000946773	-0.0110624	0.000954374	-0.999999	-0.000681885	-0.0110618	-0.000692401	0.999939	-0.769661	0.0185372	0.571744	
-0.999928	-0.000946651	-0.0119703	0.000960855	-0.999999	-0.00118094	-0.0119692	-0.00119235	0.999928	-0.769939	0.018316	0.571731	
-0.999918	-0.000939337	-0.0127969	0.000960425	-0.999998	-0.00164181	-0.0127954	-0.00165396	0.999917	-0.770192	0.0181113	0.571718	
-0.999908	-0.000926342	-0.013546	0.000954421	-0.999997	-0.00206653	-0.0135441	-0.00207927	0.999906	-0.770423	0.0179224	0.571707	
-0.999898	-0.000908928	-0.0142214	0.000943965	-0.999997	-0.00245712	-0.0142191	-0.0024703	0.999896	-0.770633	0.0177485	0.571696	
-0.99989	-0.000888152	-0.0148271	0.000929997	-0.999996	-0.00281556	-0.0148245	-0.00282904	0.999886	-0.770821	0.0175886	0.571687	
-0.999882	-0.000864892	-0.015367	0.000913307	-0.999995	-0.00314379	-0.0153642	-0.00315745	0.999877	-0.770991	0.0174421	0.571678	
-0.999874	-0.000839878	-0.015845	0.000894551	-0.999994	-0.0034437	-0.015842	-0.00345744	0.999869	-0.771142	0.0173081	0.57167	
-0.999867	-0.000813711	-0.0162648	0.000874279	-0.999993	-0.00371709	-0.0162617	-0.00373082	0.999861	-0.771275	0.0171858	0.571664	
-0.999861	-0.000786887	-0.0166302	0.00085295	-0.999992	-0.00396573	-0.0166269	-0.00397937	0.999854	-0.771393	0.0170746	0.571658	
-0.999856	-0.000759811	-0.0169447	0.000830944	-0.999991	-0.0041913	-0.0169413	-0.00420477	0.999848	-0.771495	0.0169738	0.571654	
-0.999852	-0.000732814	-0.0172116	0.000808578	-0.99999	-0.00439538	-0.0172083	-0.00440865	0.999842	-0.771582	0.0168826	0.57165	
-0.999848	-0.000706159	-0.0174345	0.000786113	-0.999989	-0.00457953	-0.017431	-0.00459254	0.999838	-0.771656	0.0168004	0.571648	
-0.999845	-0.00068006	-0.0176162	0.000763763	-0.999988	-0.00474518	-0.0176128	-0.0047579	0.999834	-0.771718	0.0167266	0.571647	
-0.999842	-0.000654686	-0.0177599	0.000741707	-0.999988	-0.00489373	-0.0177565	-0.00490613	0.99983	-0.771768	0.0166607	0.571646	
-0.99984	-0.000630166	-0.0178685	0.000720089	-0.999987	-0.00502649	-0.0178651	-0.00503855	0.999828	-0.771807	0.016602	0.571647	
-0.999839	-0.000606602	-0.0179445	0.000699026	-0.999987	-0.00514471	-0.0179411	-0.00515642	0.999826	-0.771836	0.0165501	0.571649	
-0.999838	-0.000584069	-0.0179906	0.000678613	-0.999986	-0.00524956	-0.0179872	-0.00526091	0.999824	-0.771855	0.0165045	0.571652	
-0.999838	-0.00056262	-0.0180091	0.000658926	-0.999986	-0.00534216	-0.0180058	-0.00535316	0.999824	-0.771866	0.0164646	0.571656	
-0.999838	-0.000542292	-0.0180024	0.000640026	-0.999985	-0.00542358	-0.0179992	-0.00543422	0.999823	-0.771868	0.0164301	0.571661	
-0.999838	-0.00052311	-0.0179726	0.000621958	-0.999985	-0.00549482	-0.0179695	-0.00550511	0.999823	-0.771863	0.0164005	0.571667	
-0.999839	-0.000505084	-0.0179218	0.000604761	-0.999984	-0.00555681	-0.0179187	-0.00556675	0.999824	-0.771852	0.0163754	0.571674	
-0.999841	-0.000488218	-0.0178517	0.000588461	-0.999984	-0.00561046	-0.0178487	-0.00562007	0.999825	-0.771834	0.0163545	0.571682	
-0.999842	-0.000472509	-0.0177642	0.000573077	-0.999984	-0.00565661	-0.0177613	-0.00566589	0.999826	-0.77181	0.0163374	0.571691	
-0.999844	-0.000457946	-0.0176611	0.000558625	-0.999984	-0.00569605	-0.0176582	-0.00570503	0.999828	-0.77178	0.0163237	0.571701	
-0.999846	-0.000444517	-0.0175437	0.000545111	-0.999983	-0.00572955	-0.0175409	-0.00573823	0.99983	-0.771746	0.0163132	0.571712	
-0.999848	-0.000432204	-0.0174137	0.000532543	-0.999983	-0.00575781	-0.0174109	-0.00576621	0.999832	-0.771708	0.0163056	0.571724	
-0.999851	-0.000420988	-0.0172724	0.00052092	-0.999983	-0.00578151	-0.0172697	-0.00578964	0.999834	-0.771665	0.0163005	0.571736	
-0.999853	-0.000410849	-0.017121	0.000510241	-0.999983	-0.00580128	-0.0171184	-0.00580916	0.999837	-0.771618	0.0162978	0.57175	
-0.999856	-0.00037465	-0.0169708	0.000473371	-0.999983	-0.00581348	-0.0169684	-0.00582068	0.999839	-0.771573	0.0162978	0.571762	
-0.999858	-0.000249091	-0.0168409	0.000346802	-0.999983	-0.00579931	-0.0168392	-0.00580433	0.999841	-0.771538	0.016304	0.571764	
-0.999861	-0.000151191	-0.0166885	0.000247628	-0.999983	-0.00577669	-0.0166874	-0.00578002	0.999844	-0.771496	0.0163133	0.571766	
-0.999864	-7.61829e-05	-0.0165176	0.000171135	-0.999983	-0.00574721	-0.0165169	-0.00574926	0.999847	-0.77145	0.016325	0.57177	
-0.999867	3.87879e-07	-0.0163381	9.29427e-05	-0.999984	-0.00571169	-0.0163378	-0.00571245	0.99985	-0.771401	0.0163389	0.571773	
-0.99987	6.76552e-05	-0.0161473	2.39088e-05	-0.999984	-0.00567028	-0.0161474	-0.00566993	0.999854	-0.771349	0.0163548	0.571777	
-0.999873	0.000127099	-0.015947	-3.74222e-05	-0.999984	-0.00562363	-0.0159475	-0.00562232	0.999857	-0.771294	0.0163726	0.57178	
-0.999876	0.000179778	-0.0157386	-9.20872e-05	-0.999984	-0.00557226	-0.0157394	-0.00557013	0.999861	-0.771238	0.0163921	0.571783	
-0.999879	0.000226573	-0.0155234	-0.000140949	-0.999985	-0.00551668	-0.0155245	-0.00551383	0.999864	-0.771179	0.0164131	0.571787	
-0.999883	0.00026822	-0.0153026	-0.000184727	-0.999985	-0.00545732	-0.0153038	-0.00545385	0.999868	-0.771118	0.0164354	0.57179	
-0.999886	0.000305338	-0.015077	-0.000224025	-0.999985	-0.00539459	-0.0150785	-0.0053906	0.999872	-0.771057	0.016459	0.571794	
-0.99989	0.00033845	-0.0148477	-0.000259352	-0.999986	-0.00532886	-0.0148492	-0.00532442	0.999876	-0.770994	0.0164837	0.571798	
-0.999893	0.000367997	-0.0146152	-0.00029114	-0.999986	-0.00526048	-0.014617	-0.00525566	0.999879	-0.77093	0.0165093	0.571801	
-0.999897	0.000394356	-0.0143805	-0.000319753	-0.999986	-0.00518975	-0.0143823	-0.00518462	0.999883	-0.770866	0.0165357	0.571805	
-0.9999	0.000417851	-0.0141439	-0.000345506	-0.999987	-0.00511698	-0.0141459	-0.00511158	0.999887	-0.770801	0.0165629	0.571808	
-0.999903	0.000438761	-0.0139062	-0.00036867	-0.999987	-0.00504243	-0.0139083	-0.00503682	0.999891	-0.770735	0.0165907	0.571812	
-0.999906	0.000457328	-0.0136679	-0.000389479	-0.999988	-0.00496635	-0.01367	-0.00496056	0.999894	-0.77067	0.0166191	0.571816	
-0.99991	0.000473763	-0.0134293	-0.000408138	-0.999988	-0.00488898	-0.0134314	-0.00488305	0.999898	-0.770604	0.016648	0.571819	
-0.999913	0.000488251	-0.0131908	-0.000424828	-0.999988	-0.00481052	-0.013193	-0.0048045	0.999901	-0.770539	0.0166772	0.571823	
-0.999916	0.000500958	-0.0129529	-0.000439707	-0.999989	-0.00473118	-0.0129551	-0.00472508	0.999905	-0.770473	0.0167067	0.571826	
-0.999919	0.000512029	-0.0127158	-0.000452917	-0.999989	-0.00465114	-0.012718	-0.004645	0.999908	-0.770408	0.0167365	0.571829	
-0.999922	0.000521596	-0.0124798	-0.000464587	-0.999989	-0.00457057	-0.0124821	-0.00456442	0.999912	-0.770343	0.0167664	0.571833	
-0.999925	0.000529777	-0.0122453	-0.00047483	-0.99999	-0.00448964	-0.0122475	-0.00448349	0.999915	-0.770278	0.0167965	0.571836	
-0.999928	0.000536678	-0.0120123	-0.000483751	-0.99999	-0.00440849	-0.0120146	-0.00440236	0.999918	-0.770214	0.0168267	0.571839	
-0.99993	0.000542397	-0.0117813	-0.000491446	-0.999991	-0.00432725	-0.0117835	-0.00432116	0.999921	-0.77015	0.0168568	0.571843	
-0.999933	0.000547023	-0.0115522	-0.000498	-0.999991	-0.00424606	-0.0115544	-0.00424002	0.999924	-0.770087	0.016887	0.571846	
-0.999936	0.000550638	-0.0113254	-0.000503495	-0.999991	-0.00416502	-0.0113276	-0.00415905	0.999927	-0.770024	0.016917	0.571849	
-0.999938	0.000553317	-0.0111009	-0.000508004	-0.999992	-0.00408425	-0.0111031	-0.00407836	0.99993	-0.769962	0.016947	0.571852	
-0.999941	0.000555128	-0.0108789	-0.000511597	-0.999992	-0.00400385	-0.010881	-0.00399805	0.999933	-0.769901	0.0169768	0.571855	
-0.999943	0.000556138	-0.0106595	-0.000514336	-0.999992	-0.0039239	-0.0106616	-0.00391819	0.999935	-0.76984	0.0170065	0.571858	
-0.999945	0.000556405	-0.0104428	-0.000516282	-0.999992	-0.00384449	-0.0104449	-0.00383889	0.999938	-0.76978	0.017036	0.571861	
-0.999948	0.000555986	-0.0102289	-0.00051749	-0.999993	-0.00376569	-0.0102309	-0.0037602	0.999941	-0.769721	0.0170652	0.571864	
-0.99995	0.000554932	-0.0100179	-0.000518012	-0.999993	-0.00368758	-0.0100199	-0.0036822	0.999943	-0.769662	0.0170942	0.571867	
-0.999952	0.000553292	-0.00980984	-0.000517898	-0.999993	-0.00361021	-0.00981177	-0.00360496	0.999945	-0.769605	0.0171229	0.57187	
-0.999954	0.000551111	-0.00960478	-0.000517191	-0.999994	-0.00353365	-0.00960667	-0.00352852	0.999948	-0.769548	0.0171513	0.571873	
-0.999956	0.000548432	-0.00940279	-0.000515937	-0.999994	-0.00345794	-0.00940463	-0.00345293	0.99995	-0.769492	0.0171794	0.571875	
-0.999957	0.000545294	-0.00920389	-0.000514174	-0.999994	-0.00338313	-0.00920568	-0.00337825	0.999952	-0.769437	0.0172071	0.571878	
-0.999959	0.000541734	-0.00900812	-0.000511942	-0.999994	-0.00330926	-0.00900986	-0.00330452	0.999954	-0.769383	0.0172345	0.571881	
-0.999961	0.000537789	-0.0088155	-0.000509276	-0.999995	-0.00323638	-0.00881719	-0.00323176	0.999956	-0.769329	0.0172616	0.571883	
-0.999963	0.00053349	-0.00862606	-0.000506209	-0.999995	-0.0031645	-0.0086277	-0.00316001	0.999958	-0.769277	0.0172883	0.571886	
-0.999964	0.000528867	-0.0084398	-0.000502773	-0.999995	-0.00309366	-0.00844139	-0.00308931	0.99996	-0.769225	0.0173146	0.571888	
-0.999966	0.000523951	-0.00825673	-0.000498998	-0.999995	-0.00302388	-0.00825827	-0.00301966	0.999961	-0.769174	0.0173405	0.571891	
-0.999967	0.000518768	-0.00807685	-0.000494913	-0.999996	-0.00295519	-0.00807835	-0.0029511	0.999963	-0.769125	0.0173661	0.571893	
-0.999969	0.000513342	-0.00790017	-0.000490543	-0.999996	-0.0028876	-0.00790162	-0.00288364	0.999965	-0.769076	0.0173912	0.571895	
-0.99997	0.000507699	-0.00772667	-0.000485914	-0.999996	-0.00282113	-0.00772807	-0.00281729	0.999966	-0.769027	0.0174159	0.571897	
-0.999971	0.00050186	-0.00755634	-0.000481049	-0.999996	-0.00275579	-0.00755769	-0.00275207	0.999968	-0.76898	0.0174402	0.5719	
-0.999973	0.000495847	-0.00738916	-0.00047597	-0.999996	-0.00269158	-0.00739047	-0.00268799	0.999969	-0.768934	0.0174641	0.571902	
-0.999974	0.000489678	-0.00722512	-0.000470697	-0.999996	-0.00262851	-0.00722639	-0.00262504	0.99997	-0.768888	0.0174876	0.571904	
-0.999975	0.000483372	-0.0070642	-0.000465251	-0.999997	-0.0025666	-0.00706542	-0.00256325	0.999972	-0.768843	0.0175107	0.571906	
-0.999976	0.000476946	-0.00690637	-0.00045965	-0.999997	-0.00250583	-0.00690754	-0.0025026	0.999973	-0.7688	0.0175334	0.571908	
-0.999977	0.000470417	-0.0067516	-0.00045391	-0.999997	-0.00244621	-0.00675273	-0.00244309	0.999974	-0.768757	0.0175556	0.57191	
-0.999978	0.000463799	-0.00659987	-0.000448049	-0.999997	-0.00238774	-0.00660095	-0.00238473	0.999975	-0.768715	0.0175774	0.571912	
-0.999979	0.000457106	-0.00645114	-0.00044208	-0.999997	-0.00233042	-0.00645219	-0.00232752	0.999976	-0.768673	0.0175989	0.571914	
-0.99998	0.000445548	-0.00630386	-0.000431218	-0.999997	-0.00227434	-0.00630486	-0.00227157	0.999978	-0.768632	0.0176199	0.571916	
-0.999981	0.000422477	-0.00615618	-0.000408815	-0.999997	-0.00222017	-0.0061571	-0.00221761	0.999979	-0.768591	0.0176405	0.571919	
-0.999982	0.00039047	-0.00600927	-0.000377444	-0.999998	-0.0021686	-0.0060101	-0.00216629	0.99998	-0.768549	0.0176605	0.571923	
-0.999983	0.000351766	-0.00586412	-0.000339338	-0.999998	-0.00212016	-0.00586485	-0.00211814	0.999981	-0.768507	0.0176797	0.571928	
-0.999984	0.000308196	-0.00572153	-0.000296326	-0.999998	-0.00207532	-0.00572215	-0.00207359	0.999981	-0.768465	0.0176982	0.571934	
-0.999984	0.000261252	-0.00558214	-0.000249899	-0.999998	-0.00203443	-0.00558266	-0.002033	0.999982	-0.768424	0.0177157	0.57194	
-0.999985	0.000212144	-0.00544646	-0.000201265	-0.999998	-0.00199778	-0.00544687	-0.00199665	0.999983	-0.768383	0.0177322	0.571947	
-0.999986	0.000161842	-0.0053149	-0.000151397	-0.999998	-0.0019656	-0.0053152	-0.00196477	0.999984	-0.768342	0.0177476	0.571956	
-0.999987	0.000111121	-0.00518776	-0.000101068	-0.999998	-0.00193809	-0.00518796	-0.00193754	0.999985	-0.768302	0.017762	0.571965	
-0.999987	6.05925e-05	-0.00506527	-5.08912e-05	-0.999998	-0.00191537	-0.00506538	-0.00191508	0.999985	-0.768263	0.0177752	0.571975	
-0.999988	1.07308e-05	-0.00494761	-1.34245e-06	-0.999998	-0.00189755	-0.00494762	-0.00189752	0.999986	-0.768224	0.0177873	0.571985	
-0.999988	-3.81013e-05	-0.0048349	4.72142e-05	-0.999998	-0.00188472	-0.00483482	-0.00188493	0.999987	-0.768186	0.0177982	0.571997	
-0.999989	-8.56334e-05	-0.00472721	9.4507e-05	-0.999998	-0.00187693	-0.00472704	-0.00187735	0.999987	-0.768148	0.0178079	0.57201	
-0.999989	-0.000131671	-0.00462459	0.00014034	-0.999998	-0.00187421	-0.00462433	-0.00187483	0.999988	-0.768112	0.0178164	0.572023	
-0.99999	-0.000176083	-0.00452705	0.00018458	-0.999998	-0.00187658	-0.00452671	-0.00187739	0.999988	-0.768075	0.0178238	0.572037	
-0.99999	-0.000218787	-0.00443459	0.000227144	-0.999998	-0.00188405	-0.00443417	-0.00188503	0.999988	-0.76804	0.0178299	0.572052	
-0.99999	-0.000409663	-0.00442051	0.000417898	-0.999998	-0.00186213	-0.00441974	-0.00186396	0.999988	-0.768032	0.0178391	0.572052	
-0.99999	-0.000561956	-0.00438656	0.000570019	-0.999998	-0.00183721	-0.00438552	-0.00183969	0.999989	-0.76802	0.0178493	0.572052	
-0.99999	-0.000695446	-0.00434546	0.000703314	-0.999998	-0.00180939	-0.00434419	-0.00181243	0.999989	-0.768007	0.0178603	0.572052	
-0.99999	-0.000810275	-0.00429701	0.000817927	-0.999998	-0.00177935	-0.00429556	-0.00178285	0.999989	-0.767992	0.0178718	0.572051	
-0.999991	-0.000908652	-0.00424242	0.000916073	-0.999998	-0.00174756	-0.00424082	-0.00175143	0.999989	-0.767976	0.0178838	0.572051	
-0.999991	-0.000992523	-0.00418273	0.000999702	-0.999998	-0.00171444	-0.00418102	-0.00171861	0.99999	-0.767959	0.0178961	0.572051	
-0.999991	-0.0010636	-0.00411886	0.00107053	-0.999998	-0.00168034	-0.00411706	-0.00168473	0.99999	-0.767941	0.0179087	0.57205	
-0.999991	-0.00112339	-0.00405161	0.00113007	-0.999998	-0.00164554	-0.00404975	-0.0016501	0.99999	-0.767922	0.0179213	0.57205	
-0.999991	-0.00117322	-0.00398167	0.00117964	-0.999998	-0.00161029	-0.00397978	-0.00161498	0.999991	-0.767903	0.0179341	0.572049	
-0.999992	-0.00121426	-0.00390966	0.00122043	-0.999998	-0.00157481	-0.00390774	-0.00157957	0.999991	-0.767884	0.0179469	0.572048	
-0.999992	-0.00124755	-0.00383611	0.00125346	-0.999998	-0.00153926	-0.00383418	-0.00154405	0.999991	-0.767865	0.0179596	0.572048	
-0.999992	-0.001274	-0.00376146	0.00127966	-0.999998	-0.00150379	-0.00375954	-0.00150859	0.999992	-0.767845	0.0179722	0.572047	
-0.999992	-0.00129441	-0.00368612	0.00129983	-0.999998	-0.00146852	-0.00368421	-0.0014733	0.999992	-0.767825	0.0179848	0.572046	
-0.999993	-0.00130951	-0.00361042	0.00131469	-0.999998	-0.00143354	-0.00360854	-0.00143828	0.999992	-0.767806	0.0179972	0.572045	
-0.999993	-0.00131993	-0.00353467	0.00132488	-0.999998	-0.00139896	-0.00353282	-0.00140363	0.999993	-0.767786	0.0180094	0.572045	
-0.999993	-0.00132623	-0.00345911	0.00133095	-0.999998	-0.00136482	-0.00345729	-0.00136941	0.999993	-0.767766	0.0180215	0.572044	
-0.999993	-0.0013289	-0.00338396	0.00133341	-0.999998	-0.00133119	-0.00338219	-0.00133569	0.999993	-0.767747	0.0180333	0.572043	
-0.999994	-0.00132767	-0.00330895	0.00133197	-0.999998	-0.00129817	-0.00330722	-0.00130257	0.999994	-0.767728	0.0180449	0.572042	
-0.999994	-0.00131505	-0.00322934	0.00131914	-0.999998	-0.00126685	-0.00322767	-0.0012711	0.999994	-0.767707	0.0180562	0.572042	
-0.999994	-0.00129141	-0.0031456	0.00129531	-0.999998	-0.00123797	-0.003144	-0.00124204	0.999994	-0.767685	0.0180671	0.572043	
-0.999995	-0.00125938	-0.00305956	0.0012631	-0.999998	-0.00121196	-0.00305803	-0.00121582	0.999995	-0.767662	0.0180773	0.572045	
-0.999995	-0.00123048	-0.00300734	0.00123427	-0.999998	-0.00125911	-0.00300579	-0.00126281	0.999995	-0.767633	0.018073	0.572198	
-0.999995	-0.0012192	-0.00303736	0.00122368	-0.999998	-0.00147501	-0.00303556	-0.00147872	0.999994	-0.767596	0.0180349	0.572714	
-0.999994	-0.00122167	-0.00313096	0.00122737	-0.999998	-0.00182023	-0.00312873	-0.00182406	0.999993	-0.76755	0.0179709	0.573512	
-0.999994	-0.00123446	-0.00327191	0.00124186	-0.999997	-0.00226066	-0.00326911	-0.00226471	0.999992	-0.7675	0.0178876	0.574523	
-0.999993	-0.00125475	-0.00344696	0.00126429	-0.999995	-0.00276839	-0.00344347	-0.00277273	0.99999	-0.767446	0.0177904	0.575692	
-0.999993	-0.00128025	-0.00364529	0.00129235	-0.999994	-0.00332072	-0.00364102	-0.00332541	0.999988	-0.76739	0.0176838	0.576971	
-0.999993	-0.000365965	-0.00379905	0.000379664	-0.999993	-0.00360592	-0.00379771	-0.00360734	0.999986	-0.767351	0.0176477	0.578296	
-0.999992	0.000481697	-0.00392317	-0.0004671	-0.999993	-0.00372069	-0.00392493	-0.00371882	0.999985	-0.767322	0.0176556	0.579646	
-0.999991	0.000876276	-0.00404839	-0.000860834	-0.999992	-0.00381447	-0.0040517	-0.00381095	0.999985	-0.767296	0.0176681	0.581012	
-0.999991	0.000968045	-0.0041792	-0.000951631	-0.999992	-0.00392783	-0.00418297	-0.00392382	0.999984	-0.76727	0.0176747	0.582377	
-0.99999	0.000823989	-0.00431169	-0.000806508	-0.999991	-0.00405453	-0.00431499	-0.00405101	0.999982	-0.767244	0.0176766	0.583727	
-0.99999	0.00049941	-0.00444277	-0.000480797	-0.999991	-0.00418955	-0.00444483	-0.00418737	0.999981	-0.767218	0.0176748	0.585048	
-0.99999	3.98202e-05	-0.00457002	-2.00369e-05	-0.999991	-0.00432889	-0.00457015	-0.00432875	0.99998	-0.767193	0.0176701	0.586332	
-0.999989	-6.82708e-05	-0.004689	8.90049e-05	-0.99999	-0.00442179	-0.00468866	-0.00442216	0.999979	-0.767174	0.0176763	0.587568	
-0.999988	-2.52456e-05	-0.00480406	4.69563e-05	-0.99999	-0.00451919	-0.00480389	-0.00451936	0.999978	-0.767156	0.0176798	0.588754	
-0.999988	-2.52621e-05	-0.00491028	4.78941e-05	-0.999989	-0.00460905	-0.00491011	-0.00460923	0.999977	-0.76714	0.0176834	0.589887	
-0.999987	-2.52799e-05	-0.00500766	4.87796e-05	-0.999989	-0.00469267	-0.00500749	-0.00469286	0.999976	-0.767124	0.0176868	0.590965	
-0.999987	-2.52993e-05	-0.0050958	4.96068e-05	-0.999989	-0.00477003	-0.00509562	-0.00477022	0.999976	-0.767109	0.0176899	0.591986	
-0.999987	-2.53201e-05	-0.00517446	5.03709e-05	-0.999988	-0.00484118	-0.00517427	-0.00484137	0.999975	-0.767096	0.0176927	0.59295	
-0.999986	-2.53423e-05	-0.0052436	5.10688e-05	-0.999988	-0.0049062	-0.00524341	-0.0049064	0.999974	-0.767083	0.0176953	0.593857	
-0.999986	-2.53657e-05	-0.00530329	5.16983e-05	-0.999988	-0.00496526	-0.0053031	-0.00496546	0.999974	-0.76707	0.0176977	0.594709	
-0.999986	-2.53902e-05	-0.00535372	5.22585e-05	-0.999987	-0.00501853	-0.00535353	-0.00501873	0.999973	-0.767059	0.0176998	0.595507	
-0.999985	-2.54158e-05	-0.00539516	5.27493e-05	-0.999987	-0.00506622	-0.00539496	-0.00506643	0.999973	-0.767048	0.0177018	0.596251	
