-0.9996	0.0134184	-0.0248881	-0.0131006	-0.999831	-0.0128889	-0.0250569	-0.0125577	0.999607	-0.749819	0.0255395	0.568431	
-0.999605	0.0133092	-0.0247466	-0.0129951	-0.999833	-0.0128113	-0.024913	-0.0124847	0.999612	-0.749825	0.0255319	0.568554	
-0.99962	0.0130332	-0.0242863	-0.0127308	-0.99984	-0.0125668	-0.0244462	-0.0122529	0.999626	-0.749845	0.0255192	0.568698	
-0.999642	0.0126288	-0.0235794	-0.0123438	-0.999849	-0.0121935	-0.0237298	-0.0118981	0.999648	-0.749874	0.0255025	0.568857	
-0.999669	0.0121276	-0.0226854	-0.0118639	-0.999861	-0.0117228	-0.0228244	-0.0114498	0.999674	-0.74991	0.0254828	0.569027	
-0.999699	0.0115557	-0.0216533	-0.0113156	-0.999873	-0.0111807	-0.0217797	-0.0109323	0.999703	-0.749952	0.025461	0.569203	
-0.99973	0.0109347	-0.0205233	-0.0107191	-0.999886	-0.0105885	-0.0206368	-0.0103657	0.999733	-0.749997	0.0254378	0.569382	
-0.99976	0.0102819	-0.0193284	-0.0100907	-0.999899	-0.00996344	-0.0194289	-0.00976601	0.999764	-0.750045	0.0254137	0.569562	
-0.99979	0.00961136	-0.018095	-0.00944386	-0.999912	-0.00931953	-0.018183	-0.00914669	0.999793	-0.750094	0.0253892	0.56974	
-0.999818	0.0089344	-0.0168449	-0.00878931	-0.999924	-0.00866804	-0.016921	-0.00851841	0.999821	-0.750144	0.0253646	0.569916	
-0.999844	0.00826004	-0.0155951	-0.00813572	-0.999935	-0.00801795	-0.0156603	-0.00788982	0.999846	-0.750194	0.0253402	0.570087	
-0.999868	0.00759533	-0.0143594	-0.00748998	-0.999945	-0.0073763	-0.0144147	-0.00726777	0.99987	-0.750243	0.0253162	0.570253	
-0.999889	0.00694577	-0.0131485	-0.00685747	-0.999954	-0.00674859	-0.0131948	-0.00665768	0.999891	-0.750291	0.0252928	0.570412	
-0.999908	0.00631552	-0.0119707	-0.00624237	-0.999962	-0.00613901	-0.012009	-0.00606372	0.99991	-0.750338	0.0252701	0.570566	
-0.999925	0.0057077	-0.0108321	-0.00564782	-0.999969	-0.00555067	-0.0108634	-0.00548908	0.999926	-0.750383	0.0252483	0.570712	
-0.999939	0.0051245	-0.00973724	-0.00507613	-0.999975	-0.00498582	-0.00976255	-0.00493609	0.99994	-0.750426	0.0252273	0.570851	
-0.999952	0.00456743	-0.00868941	-0.00452892	-0.99998	-0.00444599	-0.00870954	-0.00440642	0.999952	-0.750467	0.0252073	0.570984	
-0.999962	0.00403739	-0.0076906	-0.00400724	-0.999984	-0.00393213	-0.00770636	-0.00390116	0.999963	-0.750507	0.0251882	0.571109	
-0.999971	0.00353483	-0.00674197	-0.00351167	-0.999988	-0.00344471	-0.00675406	-0.00342094	0.999971	-0.750544	0.0251701	0.571227	
-0.999978	0.00305982	-0.00584391	-0.00304242	-0.999991	-0.00298386	-0.00585299	-0.00296602	0.999978	-0.750579	0.0251529	0.571338	
-0.999984	0.00261212	-0.00499626	-0.00259941	-0.999993	-0.00254938	-0.00500288	-0.00253635	0.999984	-0.750613	0.0251368	0.571442	
-0.999989	0.00219128	-0.00419835	-0.00218231	-0.999995	-0.00214084	-0.00420302	-0.00213166	0.999989	-0.750644	0.0251215	0.571539	
-0.999992	0.00179665	-0.00344918	-0.00179059	-0.999997	-0.00175766	-0.00345233	-0.00175147	0.999993	-0.750674	0.0251073	0.571631	
-0.999995	0.00142744	-0.00274746	-0.0014236	-0.999998	-0.0013991	-0.00274945	-0.00139518	0.999995	-0.750702	0.0250939	0.571716	
-0.999997	0.00108279	-0.00209168	-0.00108057	-0.999999	-0.00106432	-0.00209283	-0.00106205	0.999997	-0.750728	0.0250813	0.571795	
-0.999999	0.000761754	-0.00148019	-0.000760641	-0.999999	-0.00075241	-0.00148077	-0.000751283	0.999999	-0.750752	0.0250697	0.571869	
-0.999999	0.000463556	-0.000906777	-0.000463139	-1	-0.000460756	-0.00090699	-0.000460336	0.999999	-0.750773	0.0250591	0.571938	
-1	0.000249288	-0.000373963	-0.000249236	-1	-0.000139546	-0.000373998	-0.000139453	1	-0.750788	0.0250589	0.571991	
-1	0.000284286	4.18923e-05	-0.000284275	-1	0.000263943	4.19674e-05	0.000263931	1	-0.750801	0.0250784	0.571994	
-1	0.000341898	0.000419399	-0.000341621	-1	0.000660045	0.000419625	0.000659902	1	-0.750809	0.0251017	0.571987	
-1	0.000361257	0.000789348	-0.000360427	-0.999999	0.0010509	0.000789727	0.00105062	0.999999	-0.750811	0.0251299	0.57198	
-0.999999	0.000352078	0.00115065	-0.000350425	-0.999999	0.00143639	0.00115115	0.00143599	0.999998	-0.750807	0.0251624	0.571973	
-0.999999	0.000321533	0.0015033	-0.000318802	-0.999998	0.00181651	0.00150389	0.00181603	0.999997	-0.750797	0.0251988	0.571966	
-0.999998	0.000275494	0.00184732	-0.000271446	-0.999998	0.00219125	0.00184792	0.00219074	0.999996	-0.750782	0.0252386	0.571959	
-0.999998	0.000217712	0.00217944	-0.000212138	-0.999997	0.00255778	0.00217999	0.00255732	0.999994	-0.750779	0.0252749	0.571952	
-0.999997	0.000137663	0.00246563	-0.00013055	-0.999996	0.00288462	0.00246601	0.00288429	0.999993	-0.750959	0.0252337	0.571947	
-0.999996	3.66215e-05	0.00270352	-2.80552e-05	-0.999995	0.00316856	0.00270362	0.00316847	0.999991	-0.751329	0.0251124	0.571942	
-0.999996	-7.96421e-05	0.00290046	8.95452e-05	-0.999994	0.00341436	0.00290017	0.0034146	0.99999	-0.751845	0.0249289	0.571939	
-0.999995	-0.000206452	0.00306269	0.000217558	-0.999993	0.00362622	0.00306192	0.00362687	0.999989	-0.752471	0.0246983	0.571937	
-0.999995	-0.000340021	0.00319548	0.000352189	-0.999993	0.00380791	0.00319416	0.00380902	0.999988	-0.753175	0.0244328	0.571936	
-0.999994	-0.000477142	0.00330318	0.00049023	-0.999992	0.00396265	0.00330126	0.00396425	0.999987	-0.753935	0.0241426	0.571936	
-0.999994	-0.000615509	0.00338964	0.000629383	-0.999991	0.00409348	0.00338709	0.00409559	0.999986	-0.754729	0.0238359	0.571936	
-0.999994	-0.000753146	0.00345801	0.000767678	-0.999991	0.00420304	0.00345481	0.00420567	0.999985	-0.755543	0.0235196	0.571937	
-0.999993	-0.000888486	0.00351093	0.000903558	-0.99999	0.00429362	0.00350709	0.00429677	0.999985	-0.756362	0.0231989	0.571938	
-0.999993	-0.00102029	0.00355065	0.0010358	-0.99999	0.00436729	0.00354616	0.00437094	0.999984	-0.757176	0.0228784	0.57194	
-0.999993	-0.00114768	0.00357909	0.00116352	-0.99999	0.0044259	0.00357397	0.00443004	0.999984	-0.757978	0.0225613	0.571942	
-0.999993	-0.00126995	0.00359785	0.00128603	-0.999989	0.00447107	0.00359213	0.00447566	0.999984	-0.75876	0.0222506	0.571944	
-0.999993	-0.0013864	0.00360819	0.00140265	-0.999989	0.00450411	0.0036019	0.00450914	0.999983	-0.759519	0.0219481	0.571946	
-0.999992	-0.00149685	0.00361137	0.00151319	-0.999989	0.00452642	0.00360455	0.00453185	0.999983	-0.76025	0.0216556	0.571948	
-0.999992	-0.00160094	0.00360829	0.00161731	-0.999988	0.00453906	0.00360098	0.00454486	0.999983	-0.760952	0.0213741	0.57195	
-0.999992	-0.00169867	0.00359986	0.00171502	-0.999988	0.0045431	0.0035921	0.00454924	0.999983	-0.761621	0.0211044	0.571952	
-0.999992	-0.00178979	0.00358668	0.00180607	-0.999988	0.00453934	0.00357852	0.00454578	0.999983	-0.762258	0.0208471	0.571954	
-0.999992	-0.00187454	0.00356949	0.0018907	-0.999988	0.00452869	0.00356096	0.00453541	0.999983	-0.762862	0.0206025	0.571956	
-0.999992	-0.00195287	0.00354874	0.00196888	-0.999988	0.00451184	0.00353988	0.00451879	0.999984	-0.763432	0.0203707	0.571958	
-0.999992	-0.00202493	0.00352488	0.00204075	-0.999988	0.00448942	0.00351575	0.00449658	0.999984	-0.76397	0.0201515	0.57196	
-0.999992	-0.00209096	0.00349837	0.00210656	-0.999988	0.00446209	0.003489	0.00446942	0.999984	-0.764474	0.0199449	0.571962	
-0.999992	-0.00215096	0.00346944	0.00216633	-0.999988	0.00443026	0.00345987	0.00443774	0.999984	-0.764947	0.0197506	0.571964	
-0.999992	-0.00220522	0.00343843	0.00222032	-0.999988	0.00439446	0.0034287	0.00440206	0.999984	-0.76539	0.0195682	0.571966	
-0.999992	-0.00225406	0.00340567	0.00226889	-0.999988	0.00435519	0.00339581	0.00436288	0.999985	-0.765803	0.0193975	0.571967	
-0.999992	-0.00229727	0.00337111	0.0023118	-0.999988	0.0043126	0.00336117	0.00432036	0.999985	-0.766187	0.0192378	0.571969	
-0.999992	-0.00232852	0.00333193	0.00234271	-0.999988	0.00426205	0.00332197	0.00426982	0.999985	-0.766545	0.0190877	0.571983	
-0.999992	-0.00235077	0.00330249	0.00236457	-0.999988	0.00418244	0.00329262	0.00419021	0.999986	-0.766878	0.0189416	0.572261	
-0.999992	-0.00236657	0.00328573	0.00237994	-0.999989	0.00407267	0.00327606	0.00408046	0.999986	-0.767187	0.0187987	0.57284	
-0.999992	-0.00237662	0.00327832	0.00238953	-0.999989	0.00394012	0.00326892	0.00394792	0.999987	-0.767472	0.0186603	0.573649	
-0.999992	-0.00238154	0.00327754	0.00239396	-0.99999	0.00379083	0.00326848	0.00379865	0.999987	-0.767735	0.0185271	0.57463	
-0.999992	-0.0023819	0.00328117	0.00239381	-0.999991	0.00362978	0.00327249	0.0036376	0.999988	-0.767978	0.0183998	0.575737	
-0.999991	-0.00143254	0.00401252	0.00144717	-0.999992	0.00364772	0.00400727	0.00365349	0.999985	-0.768023	0.0183231	0.576924	
-0.999989	-0.000552771	0.0046883	0.000569874	-0.999993	0.0036474	0.00468625	0.00365003	0.999982	-0.768063	0.0182498	0.578166	
-0.999986	0.000212788	0.0053499	-0.000193312	-0.999993	0.00364072	0.00535063	0.00363963	0.999979	-0.768088	0.0181823	0.579439	
-0.999982	0.000659305	0.00603289	-0.000637387	-0.999993	0.00363427	0.00603525	0.00363036	0.999975	-0.768092	0.0181219	0.580721	
-0.999978	0.000875094	0.00663475	-0.000851176	-0.999993	0.00360691	0.00663786	0.00360118	0.999971	-0.768098	0.0180633	0.581997	
-0.999974	0.000924754	0.00714416	-0.00089935	-0.999993	0.00355831	0.0071474	0.00355179	0.999968	-0.768112	0.0180057	0.583255	
-0.999971	0.000831856	0.00758818	-0.000805344	-0.999994	0.00349631	0.00759104	0.0034901	0.999965	-0.768128	0.0179507	0.584483	
-0.999968	0.000629885	0.00797294	-0.000602603	-0.999994	0.00342375	0.00797505	0.00341883	0.999962	-0.768145	0.0178986	0.585675	
-0.999965	0.000366612	0.00831338	-0.000338808	-0.999994	0.00334573	0.00831456	0.0033428	0.99996	-0.768159	0.01785	0.586823	
-0.999963	0.000251619	0.00863606	-0.000223353	-0.999995	0.00327374	0.00863683	0.00327169	0.999957	-0.768166	0.0178071	0.587925	
-0.99996	0.000244291	0.00890705	-0.000215805	-0.999995	0.003199	0.00890779	0.00319695	0.999955	-0.768174	0.0177676	0.588977	
-0.999958	0.000244371	0.00913901	-0.000215843	-0.999995	0.00312234	0.00913972	0.00312023	0.999953	-0.768181	0.0177314	0.589978	
-0.999956	0.000244287	0.00933525	-0.000215875	-0.999995	0.00304439	0.00933595	0.00304224	0.999952	-0.768187	0.0176985	0.590927	
-0.999955	0.000244064	0.00949823	-0.000215905	-0.999996	0.00296567	0.00949891	0.00296349	0.99995	-0.768192	0.0176687	0.591823	
-0.999954	0.000243722	0.00963025	-0.000215933	-0.999996	0.00288661	0.00963092	0.0028844	0.999949	-0.768195	0.0176419	0.592668	
-0.999953	0.000243277	0.0097335	-0.000215959	-0.999996	0.00280757	0.00973415	0.00280533	0.999949	-0.768199	0.017618	0.593462	
-0.999952	0.000242745	0.00981004	-0.000215984	-0.999996	0.00272882	0.00981067	0.00272657	0.999948	-0.768201	0.0175967	0.594206	
-0.999951	0.000240838	0.0098617	-0.000214709	-0.999996	0.00265055	0.0098623	0.00264831	0.999948	-0.768202	0.017578	0.594901	
-0.999951	0.000240171	0.00989055	-0.000214732	-0.999997	0.00257307	0.00989113	0.00257082	0.999948	-0.768203	0.0175616	0.59555	
-0.999951	0.000238163	0.0098981	-0.000213463	-0.999997	0.00249641	0.00989866	0.00249418	0.999948	-0.768203	0.0175475	0.596154	
