1.68882e-08	1	-6.28973e-08	-1	1.68882e-08	-4.39816e-08	-4.39816e-08	6.28973e-08	1	-0.83	0.043	0.636	
0.00225544	0.999968	0.00765383	-0.999744	0.00208237	0.022546	0.0225293	-0.00770272	0.999717	-0.832676	0.041939	0.654635	
0.00424902	0.999884	0.0145975	-0.998954	0.00357938	0.045597	0.0455395	-0.014776	0.998853	-0.834103	0.0410344	0.673136	
0.00596113	0.999765	0.0208214	-0.997599	0.0045089	0.0691103	0.0690002	-0.0211834	0.997392	-0.834283	0.040305	0.691425	
0.00737063	0.999626	0.0263181	-0.99565	0.0048917	0.0930423	0.0928788	-0.0268894	0.995314	-0.833224	0.0397691	0.709427	
0.00845494	0.999481	0.0310822	-0.993079	0.00475143	0.117349	0.11714	-0.0318593	0.992604	-0.830935	0.0394439	0.727068	
0.0104548	0.99977	0.0187464	-0.99748	0.00911165	0.0703539	0.0701669	-0.0194347	0.997346	-0.830807	0.040728	0.730902	
0.0131385	0.999907	0.00374203	-0.999628	0.0130453	0.0239426	0.0238916	-0.00405521	0.999706	-0.831148	0.0416592	0.734287	
1.7594e-09	1	-6.58455e-09	-1	1.7594e-09	-4.59748e-09	-4.59748e-09	6.58455e-09	1	-0.83	0.043	0.736	
