-0.5	-0.866025	5.76084e-08	-0.866025	0.5	8.03985e-09	-3.57669e-08	-4.58704e-08	-1	-0.804173	0.0443862	0.676	
-0.5	-0.866025	3.97392e-08	-0.866025	0.5	5.5451e-09	-2.46718e-08	-3.16426e-08	-1	-0.806281	0.0440981	0.709182	
-0.5	-0.866025	2.18699e-08	-0.866025	0.5	3.05126e-09	-1.35774e-08	-1.74143e-08	-1	-0.806284	0.0440976	0.742565	
-0.5	-0.866025	4.00049e-09	-0.866025	0.5	5.58325e-10	-2.48377e-09	-3.18536e-09	-1	-0.804173	0.0443862	0.776	
