-1	-8.02317e-05	1.78871e-05	-8.02319e-05	1	-1.19801e-05	-1.78862e-05	-1.19815e-05	-1	-0.776902	0.00850102	0.611999	
-1	-0.00077572	0.000206562	-0.000775749	1	-0.000142384	-0.000206452	-0.000142544	-1	-0.776916	0.00851576	0.611983	
-0.999999	-0.0013008	0.000393425	-0.00130091	0.999999	-0.000268459	-0.000393075	-0.000268971	-1	-0.776918	0.00853359	0.611968	
-0.999998	-0.00168589	0.000578437	-0.00168612	0.999999	-0.000390251	-0.000577778	-0.000391226	-1	-0.77691	0.00855379	0.611953	
-0.999998	-0.00195644	0.000761573	-0.00195683	0.999998	-0.000507791	-0.000760578	-0.00050928	-1	-0.776893	0.00857575	0.61194	
-0.999997	-0.00213377	0.000942816	-0.00213436	0.999998	-0.000621098	-0.000941488	-0.000623108	-0.999999	-0.776869	0.00859897	0.611927	
-0.999997	-0.00223566	0.00112215	-0.00223648	0.999997	-0.000730182	-0.00112052	-0.000732689	-0.999999	-0.776839	0.00862301	0.611915	
-0.999997	-0.00227697	0.00129958	-0.00227805	0.999997	-0.000835047	-0.00129767	-0.000838005	-0.999999	-0.776805	0.00864751	0.611905	
-0.999996	-0.00227004	0.00147509	-0.00227142	0.999997	-0.000935694	-0.00147296	-0.000939042	-0.999998	-0.776767	0.00867217	0.611895	
-0.999996	-0.00222514	0.00164869	-0.00222685	0.999997	-0.00103212	-0.00164638	-0.00103579	-0.999998	-0.776726	0.00869674	0.611886	
-0.999996	-0.0021508	0.00182037	-0.00215285	0.999997	-0.00112431	-0.00181794	-0.00112823	-0.999998	-0.776683	0.00872102	0.611879	
-0.999996	-0.00205405	0.00199014	-0.00205647	0.999997	-0.00121227	-0.00198764	-0.00121636	-0.999997	-0.776638	0.00874482	0.611872	
-0.999996	-0.0019407	0.002158	-0.0019435	0.999997	-0.00129598	-0.00215548	-0.00130016	-0.999997	-0.776591	0.00876801	0.611866	
-0.999996	-0.0018155	0.00232395	-0.0018187	0.999997	-0.00137542	-0.00232145	-0.00137965	-0.999996	-0.776544	0.00879047	0.611861	
-0.999995	-0.00168236	0.002488	-0.00168598	0.999998	-0.0014506	-0.00248555	-0.00145479	-0.999996	-0.776495	0.0088121	0.611858	
-0.999995	-0.00154445	0.00265015	-0.00154849	0.999998	-0.0015215	-0.0026478	-0.0015256	-0.999995	-0.776447	0.00883283	0.611855	
-0.999995	-0.00140434	0.00281041	-0.00140881	0.999998	-0.00158811	-0.00280817	-0.00159206	-0.999995	-0.776397	0.00885258	0.611853	
-0.999995	-0.00126408	0.00296877	-0.00126898	0.999998	-0.00165042	-0.00296668	-0.00165418	-0.999994	-0.776348	0.00887132	0.611852	
-0.999994	-0.00112531	0.00312524	-0.00113065	0.999998	-0.00170841	-0.00312331	-0.00171194	-0.999994	-0.776298	0.008889	0.611852	
-0.999994	-0.000989315	0.00327982	-0.000995098	0.999998	-0.00176209	-0.00327807	-0.00176534	-0.999993	-0.776249	0.00890559	0.611853	
-0.999994	-0.000857102	0.00343251	-0.000863323	0.999998	-0.00181143	-0.00343095	-0.00181438	-0.999992	-0.776199	0.00892105	0.611855	
-0.999993	-0.000729426	0.00358332	-0.000736081	0.999998	-0.00185643	-0.00358196	-0.00185905	-0.999992	-0.77615	0.00893538	0.611858	
-0.999993	-0.000606848	0.00373224	-0.000613931	0.999998	-0.00189708	-0.00373108	-0.00189936	-0.999991	-0.7761	0.00894856	0.611862	
-0.999992	-0.000489452	0.0038472	-0.000496873	0.999998	-0.0019283	-0.00384625	-0.0019302	-0.999991	-0.776061	0.00895879	0.611865	
-0.999992	-0.000377871	0.00388203	-0.000385415	0.999998	-0.00194276	-0.00388128	-0.00194424	-0.999991	-0.776046	0.00896374	0.611864	
-0.999992	-0.000273123	0.00391487	-0.00028077	0.999998	-0.00195281	-0.00391433	-0.0019539	-0.99999	-0.77603	0.00896777	0.611863	
-0.999992	-0.000175037	0.00393131	-0.000182728	0.999998	-0.00195617	-0.00393096	-0.00195688	-0.99999	-0.77602	0.00897004	0.611863	
-0.999992	-8.36491e-05	0.00393686	-9.13412e-05	0.999998	-0.00195371	-0.00393669	-0.00195406	-0.99999	-0.776012	0.00897086	0.611863	
-0.999992	1.15452e-06	0.00393151	-6.49396e-06	0.999998	-0.00194542	-0.00393151	-0.00194543	-0.99999	-0.776007	0.0089702	0.611863	
-0.999992	8.16792e-05	0.00391666	7.41105e-05	0.999998	-0.00193254	-0.00391681	-0.00193224	-0.99999	-0.776004	0.00896843	0.611864	
-0.999992	0.000157699	0.00389905	0.000150225	0.999998	-0.00191688	-0.00389934	-0.00191627	-0.999991	-0.775922	0.00904624	0.611864	
-0.999992	0.000226755	0.00387816	0.000219401	0.999998	-0.00189658	-0.00387858	-0.00189571	-0.999991	-0.775718	0.00924591	0.611865	
-0.999993	0.000289284	0.00385201	0.000282077	0.999998	-0.00187134	-0.00385254	-0.00187024	-0.999991	-0.77542	0.00953917	0.611867	
-0.999993	0.000345674	0.00381904	0.000338645	0.999998	-0.0018409	-0.00381967	-0.0018396	-0.999991	-0.775053	0.00990267	0.611868	
-0.999993	0.000396277	0.00377796	0.00038946	0.999998	-0.00180508	-0.00377867	-0.0018036	-0.999991	-0.774635	0.0103172	0.61187	
-0.999993	0.000441414	0.0037277	0.000434842	0.999998	-0.00176371	-0.00372848	-0.00176207	-0.999991	-0.774183	0.0107672	0.611872	
-0.999993	0.000481379	0.00366738	0.000475086	0.999998	-0.00171664	-0.0036682	-0.00171489	-0.999992	-0.773709	0.0112396	0.611875	
-0.999993	0.000516445	0.00359625	0.000510464	0.999998	-0.00166378	-0.0035971	-0.00166193	-0.999992	-0.773225	0.0117242	0.611877	
-0.999994	0.000546864	0.00351382	0.000541227	0.999999	-0.00160504	-0.00351469	-0.00160313	-0.999993	-0.772738	0.0122126	0.611881	
-0.999994	0.000572876	0.00341954	0.000567611	0.999999	-0.00154036	-0.00342042	-0.00153841	-0.999993	-0.772255	0.0126981	0.611885	
-0.999994	0.000594702	0.00331303	0.000589835	0.999999	-0.00146968	-0.0033139	-0.00146772	-0.999993	-0.771782	0.0131755	0.611889	
-0.999995	0.000612551	0.00319402	0.000608105	0.999999	-0.00139296	-0.00319487	-0.00139101	-0.999994	-0.771323	0.0136406	0.611893	
-0.999995	0.000626622	0.0030623	0.000622612	0.999999	-0.00131019	-0.00306312	-0.00130827	-0.999994	-0.770881	0.0140903	0.611898	
-0.999996	0.000637102	0.00291773	0.000633541	0.999999	-0.00122134	-0.00291851	-0.00121948	-0.999995	-0.770459	0.0145222	0.611904	
-0.999996	0.000644167	0.00276024	0.00064106	0.999999	-0.00112641	-0.00276096	-0.00112463	-0.999996	-0.770058	0.0149347	0.61191	
-0.999996	0.000647987	0.00258977	0.000645334	0.999999	-0.0010254	-0.00259043	-0.00102372	-0.999996	-0.769679	0.0153266	0.611916	
-0.999997	0.000648723	0.00240624	0.000646515	0.999999	-0.000918303	-0.00240684	-0.000916745	-0.999997	-0.769323	0.015697	0.611923	
-0.999997	0.000646524	0.00220988	0.000644746	0.999999	-0.000805167	-0.0022104	-0.00080374	-0.999997	-0.76899	0.0160457	0.61193	
-0.999998	0.000641536	0.00200064	0.000640165	1	-0.000685988	-0.00200108	-0.000684706	-0.999998	-0.768681	0.0163726	0.611938	
-0.999998	0.000633898	0.00177852	0.000632902	1	-0.000560771	-0.00177887	-0.000559644	-0.999998	-0.768396	0.0166778	0.611946	
-0.999999	0.000623739	0.00154379	0.000623077	1	-0.000429566	-0.00154406	-0.000428604	-0.999999	-0.768133	0.0169615	0.611955	
-0.999999	0.000611183	0.00129648	0.000610804	1	-0.000292383	-0.00129666	-0.00029159	-0.999999	-0.767892	0.0172244	0.611964	
-0.999999	0.000596352	0.00103661	0.000596197	1	-0.000149229	-0.0010367	-0.000148611	-0.999999	-0.767674	0.0174667	0.611973	
-1	0.000579298	0.000768805	0.000579298	1	-8.37016e-07	-0.000768805	-3.91649e-07	-1	-0.767475	0.0176896	0.611983	
-1	0.000560126	0.000498643	0.000560201	1	0.000151912	-0.000498558	0.000152191	-1	-0.767294	0.0178938	0.611994	
-1	0.000539011	0.000226132	0.000539081	1	0.000309012	-0.000225965	0.000309133	-1	-0.76713	0.0180802	0.612007	
-1	0.000516113	-4.87334e-05	0.00051609	1	0.00047046	4.89762e-05	0.000470435	-1	-0.766982	0.0182494	0.61202	
-1	0.000491571	-0.000325958	0.000491364	1	0.000636255	0.000326271	0.000636095	-1	-0.766849	0.0184022	0.612034	
-1	0.000465509	-0.000605546	0.00046502	1	0.000806393	0.000605921	0.000806111	-0.999999	-0.766731	0.0185393	0.61205	
-1	0.000438037	-0.000887504	0.000437166	0.999999	0.000980873	0.000887933	0.000980485	-0.999999	-0.766626	0.0186614	0.612066	
-0.999999	0.000409253	-0.00117183	0.000407894	0.999999	0.00115969	0.00117231	0.00115921	-0.999999	-0.766535	0.0187694	0.612083	
-0.999999	0.000379248	-0.00145854	0.000377289	0.999999	0.00134285	0.00145905	0.0013423	-0.999998	-0.766456	0.0188638	0.612102	
-0.999998	0.000348098	-0.00174763	0.000345424	0.999999	0.00153035	0.00174816	0.00152974	-0.999997	-0.766389	0.0189454	0.612121	
-0.999998	0.000315876	-0.00203911	0.000312365	0.999998	0.00172218	0.00203965	0.00172154	-0.999996	-0.766332	0.0190149	0.612142	
-0.999997	0.000282647	-0.00233298	0.000278171	0.999998	0.00191835	0.00233352	0.00191769	-0.999995	-0.766286	0.0190729	0.612163	
-0.999997	0.000248467	-0.00262924	0.000242896	0.999998	0.00211885	0.00262976	0.0021182	-0.999994	-0.76625	0.01912	0.612185	
-0.999996	0.00021339	-0.00292791	0.000206587	0.999997	0.00232368	0.00292839	0.00232307	-0.999993	-0.766223	0.0191569	0.612208	
-0.999995	0.000177463	-0.00322897	0.000169285	0.999997	0.00253285	0.00322941	0.00253229	-0.999992	-0.766204	0.019184	0.612233	
-0.999994	0.00014073	-0.00353245	0.000131028	0.999996	0.00274636	0.00353282	0.00274588	-0.99999	-0.766193	0.0192021	0.612258	
-0.999993	0.000103229	-0.00383834	9.18521e-05	0.999996	0.00296419	0.00383862	0.00296381	-0.999988	-0.76619	0.0192115	0.612284	
-0.999991	6.49985e-05	-0.00414664	5.1786e-05	0.999995	0.00318636	0.00414682	0.00318611	-0.999986	-0.766194	0.0192128	0.612311	
-0.99999	2.60698e-05	-0.00445736	1.08574e-05	0.999994	0.00341285	0.00445742	0.00341277	-0.999984	-0.766204	0.0192065	0.612339	
-0.999989	-1.35265e-05	-0.00477051	-3.0909e-05	0.999993	0.00364369	0.00477043	0.00364379	-0.999982	-0.76622	0.0191929	0.612368	
-0.999987	-5.37629e-05	-0.00508608	-7.34916e-05	0.999992	0.00387885	0.00508584	0.00387917	-0.99998	-0.766242	0.0191726	0.612397	
-0.999985	-9.46137e-05	-0.00540409	-0.000116871	0.999992	0.00411835	0.00540365	0.00411892	-0.999977	-0.76627	0.0191458	0.612428	
-0.999984	-0.000136056	-0.00572453	-0.000161029	0.99999	0.00436218	0.00572389	0.00436303	-0.999974	-0.766302	0.0191131	0.61246	
-0.999982	-0.000178067	-0.00604742	-0.00020595	0.999989	0.00461034	0.00604653	0.0046115	-0.999971	-0.766338	0.0190746	0.612492	
-0.99998	-0.000220629	-0.00637274	-0.000251621	0.999988	0.00486283	0.00637159	0.00486434	-0.999968	-0.766379	0.0190309	0.612526	
-0.999978	-0.000263722	-0.00670052	-0.00029803	0.999987	0.00511966	0.00669908	0.00512154	-0.999964	-0.766423	0.0189821	0.61256	
-0.999975	-0.00030733	-0.00703074	-0.000345165	0.999985	0.00538082	0.00702899	0.00538312	-0.999961	-0.766471	0.0189286	0.612595	
-0.999973	-0.000351437	-0.00736343	-0.000393018	0.999984	0.00564632	0.00736132	0.00564906	-0.999957	-0.766523	0.0188706	0.612631	
-0.99997	-0.000396029	-0.00769857	-0.000441581	0.999982	0.00591615	0.00769609	0.00591937	-0.999953	-0.766577	0.0188084	0.612668	
-0.999968	-0.000441091	-0.00803617	-0.000490845	0.999981	0.00619032	0.00803329	0.00619406	-0.999949	-0.766634	0.0187423	0.612706	
-0.999965	-0.000486613	-0.00837624	-0.000540807	0.999979	0.00646882	0.00837292	0.00647312	-0.999944	-0.766694	0.0186725	0.612745	
-0.999962	-0.000532583	-0.00871879	-0.000591459	0.999977	0.00675165	0.00871499	0.00675655	-0.999939	-0.766756	0.0185991	0.612785	
-0.999959	-0.000578989	-0.00906381	-0.0006428	0.999975	0.00703882	0.0090595	0.00704436	-0.999934	-0.76682	0.0185224	0.612826	
-0.999956	-0.000625823	-0.00941131	-0.000694825	0.999973	0.00733033	0.00940646	0.00733655	-0.999929	-0.766886	0.0184426	0.612867	
-0.999952	-0.000673074	-0.00976129	-0.000747531	0.999971	0.00762618	0.00975587	0.00763311	-0.999923	-0.766954	0.0183599	0.61291	
-0.999949	-0.000720735	-0.0101138	-0.000800918	0.999968	0.00792636	0.0101077	0.00793405	-0.999917	-0.767024	0.0182744	0.612953	
-0.999945	-0.000768797	-0.0104687	-0.000854985	0.999966	0.00823088	0.010462	0.00823937	-0.999911	-0.767095	0.0181862	0.612998	
-0.999941	-0.000817254	-0.0108262	-0.00090973	0.999963	0.00853973	0.0108188	0.00854908	-0.999905	-0.767167	0.0180955	0.613043	
-0.999937	-0.000866098	-0.0111861	-0.000965154	0.99996	0.00885293	0.011178	0.00886317	-0.999898	-0.76724	0.0180025	0.613089	
-0.999933	-0.000915323	-0.0115486	-0.00102126	0.999957	0.00917046	0.0115397	0.00918164	-0.999891	-0.767315	0.0179072	0.613136	
-0.999929	-0.000964923	-0.0119136	-0.00107804	0.999954	0.00949233	0.0119039	0.00950449	-0.999884	-0.76739	0.0178098	0.613184	
-0.999924	-0.00101489	-0.012281	-0.00113551	0.999951	0.00981854	0.0122705	0.00983173	-0.999876	-0.767466	0.0177104	0.613233	
-0.999919	-0.00106523	-0.012651	-0.00119366	0.999948	0.0101491	0.0126396	0.0101634	-0.999868	-0.767543	0.017609	0.613283	
-0.999915	-0.00105469	-0.0129905	-0.00119053	0.999945	0.0104538	0.0129788	0.0104684	-0.999861	-0.767614	0.017515	0.613331	
-0.999915	-0.000563706	-0.0130038	-0.000699747	0.999945	0.0104595	0.0129972	0.0104677	-0.999861	-0.767625	0.0175073	0.613359	
-0.999915	-0.000172022	-0.0130082	-0.000308057	0.999945	0.0104563	0.0130057	0.0104595	-0.999861	-0.767634	0.0174985	0.613386	
-0.999916	6.66566e-05	-0.0129638	-6.82712e-05	0.999946	0.0104073	0.0129638	0.0104074	-0.999862	-0.767635	0.0174994	0.613412	
-0.999917	0.00019758	-0.0129	6.41899e-05	0.999947	0.0103399	0.0129014	0.0103382	-0.999863	-0.767632	0.0175024	0.613436	
-0.999918	0.000269723	-0.012837	0.000137908	0.999947	0.0102682	0.0128391	0.0102655	-0.999865	-0.76763	0.017504	0.613461	
-0.999918	0.000296221	-0.0127753	0.000166004	0.999948	0.0101927	0.0127777	0.0101897	-0.999866	-0.767629	0.0175046	0.613486	
-0.999919	0.00028742	-0.0127151	0.000158817	0.999949	0.010114	0.0127173	0.0101112	-0.999868	-0.767628	0.0175045	0.613512	
-0.99992	0.000251801	-0.0126561	0.000124824	0.99995	0.0100327	0.012658	0.0100303	-0.99987	-0.767629	0.0175037	0.613537	
-0.999921	0.000196289	-0.0125984	7.09425e-05	0.999951	0.00994909	0.0125997	0.00994741	-0.999871	-0.76763	0.0175025	0.613564	
-0.999921	0.000126509	-0.0125421	2.79255e-06	0.999951	0.00986367	0.0125427	0.00986286	-0.999873	-0.767631	0.0175009	0.61359	
-0.999922	4.70036e-05	-0.012487	-7.50873e-05	0.999952	0.00977679	0.0124869	0.00977696	-0.999874	-0.767633	0.0174991	0.613618	
-0.999923	-1.95275e-05	-0.0124286	-0.000139876	0.999953	0.00968241	0.0124279	0.0096834	-0.999876	-0.767635	0.0174992	0.613645	
-0.999924	-6.82409e-05	-0.0123674	-0.00018677	0.999954	0.0095831	0.0123662	0.00958468	-0.999878	-0.767636	0.0175003	0.613672	
-0.999924	-0.000110524	-0.0123064	-0.000227244	0.999955	0.00948348	0.0123048	0.00948556	-0.999879	-0.767637	0.0175013	0.6137	
-0.999925	-0.00014771	-0.012246	-0.000262638	0.999956	0.00938385	0.0122441	0.00938636	-0.999881	-0.767638	0.0175021	0.613729	
-0.999926	-0.000180856	-0.0121865	-0.000294015	0.999957	0.00928448	0.0121843	0.00928737	-0.999883	-0.767639	0.0175029	0.613758	
-0.999926	-0.000210793	-0.0121282	-0.000322213	0.999958	0.00918563	0.0121258	0.00918886	-0.999884	-0.767639	0.0175036	0.613788	
-0.999927	-0.000238167	-0.0120714	-0.000347882	0.999959	0.0090875	0.0120687	0.00909103	-0.999886	-0.76764	0.0175042	0.613819	
-0.999928	-0.000263478	-0.0120163	-0.000371524	0.99996	0.00899029	0.0120134	0.0089941	-0.999887	-0.767641	0.0175048	0.61385	
-0.999928	-0.000287154	-0.011963	-0.000393572	0.99996	0.00889416	0.01196	0.00889824	-0.999889	-0.767641	0.0175054	0.613883	
-0.999929	-0.000309595	-0.0119116	-0.000414426	0.999961	0.00879926	0.0119084	0.00880357	-0.99989	-0.767641	0.0175059	0.613915	
-0.99993	-0.000331085	-0.011862	-0.00043437	0.999962	0.00870569	0.0118587	0.00871023	-0.999892	-0.767642	0.0175064	0.613949	
-0.99993	-0.000351815	-0.0118143	-0.000453598	0.999963	0.00861357	0.0118109	0.00861832	-0.999893	-0.767642	0.0175069	0.613983	
-0.999931	-0.000371902	-0.0117686	-0.000472224	0.999964	0.00852298	0.011765	0.00852794	-0.999894	-0.767642	0.0175073	0.614018	
-0.999931	-0.000391406	-0.0117247	-0.000490312	0.999964	0.00843401	0.0117209	0.00843918	-0.999896	-0.767642	0.0175078	0.614054	
-0.999932	-0.000410348	-0.0116827	-0.00050788	0.999965	0.00834672	0.0116788	0.00835208	-0.999897	-0.767641	0.0175082	0.614091	
-0.999932	-0.000428717	-0.0116426	-0.00052492	0.999966	0.00826118	0.0116387	0.00826673	-0.999898	-0.767641	0.0175087	0.614128	
-0.999933	-0.000446483	-0.0116044	-0.000541399	0.999966	0.00817743	0.0116004	0.00818316	-0.999899	-0.76764	0.0175091	0.614166	
-0.999933	-0.000463603	-0.0115682	-0.000557275	0.999967	0.00809551	0.0115641	0.00810141	-0.9999	-0.767639	0.0175095	0.614205	
-0.999933	-0.000480025	-0.0115339	-0.000572497	0.999968	0.00801545	0.0115297	0.00802152	-0.999901	-0.767637	0.0175099	0.614245	
-0.999934	-0.000495695	-0.0115015	-0.000587009	0.999968	0.00793727	0.0114972	0.0079435	-0.999902	-0.767636	0.0175102	0.614286	
-0.999934	-0.00051056	-0.011471	-0.000600758	0.999969	0.007861	0.0114667	0.00786738	-0.999903	-0.767634	0.0175106	0.614327	
-0.999934	-0.00052457	-0.0114425	-0.000613693	0.999969	0.00778664	0.011438	0.00779315	-0.999904	-0.767632	0.0175109	0.614369	
-0.999935	-0.000537679	-0.0114159	-0.000625768	0.99997	0.0077142	0.0114114	0.00772084	-0.999905	-0.767629	0.0175112	0.614412	
-0.999935	-0.000549848	-0.0113912	-0.000636943	0.999971	0.00764367	0.0113866	0.00765043	-0.999906	-0.767627	0.0175115	0.614456	
-0.999935	-0.000561042	-0.0113684	-0.000647185	0.999971	0.00757506	0.0113639	0.00758193	-0.999907	-0.767624	0.0175118	0.614501	
-0.999935	-0.000571238	-0.0113476	-0.000656466	0.999972	0.00750835	0.011343	0.00751531	-0.999907	-0.76762	0.017512	0.614546	
-0.999936	-0.000580417	-0.0113287	-0.000664769	0.999972	0.00744352	0.0113241	0.00745057	-0.999908	-0.767617	0.0175122	0.614592	
-0.999936	-0.000588567	-0.0113117	-0.000672081	0.999973	0.00738057	0.0113071	0.0073877	-0.999909	-0.767613	0.0175124	0.614639	
-0.999936	-0.000595684	-0.0112967	-0.000678398	0.999973	0.00731947	0.011292	0.00732667	-0.999909	-0.767609	0.0175126	0.614687	
-0.999936	-0.000601772	-0.0112836	-0.000683721	0.999973	0.00726021	0.0112789	0.00726746	-0.99991	-0.767604	0.0175128	0.614736	
-0.999936	-0.000606838	-0.0112724	-0.000688059	0.999974	0.00720275	0.0112677	0.00721005	-0.999911	-0.7676	0.0175129	0.614785	
-0.999936	-0.000610898	-0.0112631	-0.000691425	0.999974	0.00714709	0.0112585	0.00715442	-0.999911	-0.767595	0.017513	0.614835	
-0.999936	-0.00061397	-0.0112558	-0.000693838	0.999975	0.00709317	0.0112512	0.00710053	-0.999911	-0.76759	0.0175131	0.614886	
-0.999937	-0.000616078	-0.0112504	-0.000695321	0.999975	0.00704099	0.0112458	0.00704837	-0.999912	-0.767584	0.0175131	0.614938	
-0.999937	-0.00061725	-0.0112469	-0.000695901	0.999975	0.00699051	0.0112423	0.0069979	-0.999912	-0.767579	0.0175132	0.614991	
-0.999937	-0.000617518	-0.0112453	-0.000695609	0.999976	0.0069417	0.0112408	0.00694909	-0.999913	-0.767573	0.0175132	0.615044	
-0.999937	-0.000616915	-0.0112457	-0.000694478	0.999976	0.00689454	0.0112412	0.00690191	-0.999913	-0.767567	0.0175132	0.615098	
-0.999937	-0.000615477	-0.0112479	-0.000692543	0.999976	0.00684898	0.0112435	0.00685633	-0.999913	-0.76756	0.0175131	0.615153	
-0.999937	-0.000613244	-0.0112521	-0.000689844	0.999977	0.006805	0.0112477	0.00681233	-0.999914	-0.767554	0.0175131	0.615209	
-0.999936	-0.000610254	-0.0112582	-0.000686418	0.999977	0.00676256	0.0112538	0.00676986	-0.999914	-0.767547	0.017513	0.615265	
-0.999936	-0.000606548	-0.0112662	-0.000682305	0.999977	0.00672164	0.0112619	0.0067289	-0.999914	-0.76754	0.017513	0.615322	
-0.999936	-0.000602168	-0.0112761	-0.000677547	0.999977	0.00668221	0.0112719	0.00668942	-0.999914	-0.767532	0.0175129	0.61538	
-0.999936	-0.000597155	-0.011288	-0.000672185	0.999978	0.00664423	0.0112837	0.00665139	-0.999914	-0.767525	0.0175128	0.615439	
-0.999936	-0.000591551	-0.0113017	-0.000666258	0.999978	0.00660767	0.0112975	0.00661477	-0.999914	-0.767517	0.0175126	0.615499	
-0.999936	-0.000585396	-0.0113173	-0.000659809	0.999978	0.0065725	0.0113132	0.00657954	-0.999914	-0.767509	0.0175125	0.615559	
-0.999936	-0.000578733	-0.0113349	-0.000652877	0.999978	0.00653869	0.0113309	0.00654567	-0.999914	-0.767501	0.0175124	0.61562	
-0.999935	-0.000571599	-0.0113543	-0.000645502	0.999979	0.00650621	0.0113504	0.00651311	-0.999914	-0.767493	0.0175122	0.615682	
-0.999935	-0.000564036	-0.0113757	-0.000637723	0.999979	0.00647502	0.0113718	0.00648186	-0.999914	-0.767485	0.017512	0.615745	
-0.999935	-0.000556079	-0.0113989	-0.000629576	0.999979	0.00644511	0.0113951	0.00645187	-0.999914	-0.767476	0.0175119	0.615808	
-0.999935	-0.000547767	-0.0114241	-0.000621099	0.999979	0.00641644	0.0114204	0.00642312	-0.999914	-0.767467	0.0175117	0.615872	
-0.999934	-0.000539135	-0.0114512	-0.000612326	0.999979	0.00638899	0.0114475	0.00639558	-0.999914	-0.767459	0.0175115	0.615937	
-0.999934	-0.000530217	-0.0114801	-0.000603291	0.99998	0.00636272	0.0114765	0.00636923	-0.999914	-0.76745	0.0175113	0.616003	
-0.999934	-0.000521045	-0.011511	-0.000594026	0.99998	0.00633761	0.0115074	0.00634403	-0.999914	-0.76744	0.0175111	0.616069	
-0.999933	-0.00051165	-0.0115437	-0.000584562	0.99998	0.00631363	0.0115403	0.00631996	-0.999913	-0.767431	0.0175109	0.616136	
-0.999933	-0.000502062	-0.0115784	-0.000574928	0.99998	0.00629077	0.011575	0.006297	-0.999913	-0.767422	0.0175107	0.616204	
-0.999932	-0.000492309	-0.0116149	-0.000565151	0.99998	0.00626898	0.0116116	0.00627512	-0.999913	-0.767412	0.0175105	0.616273	
-0.999932	-0.000482417	-0.0116533	-0.000555258	0.99998	0.00624825	0.0116501	0.00625429	-0.999913	-0.767402	0.0175102	0.616342	
-0.999932	-0.000472411	-0.0116937	-0.000545274	0.99998	0.00622855	0.0116905	0.0062345	-0.999912	-0.767393	0.01751	0.616412	
-0.999931	-0.000462315	-0.0117359	-0.000535221	0.999981	0.00620986	0.0117328	0.00621571	-0.999912	-0.767383	0.0175098	0.616483	
-0.999931	-0.000452149	-0.01178	-0.000525121	0.999981	0.00619216	0.0117769	0.00619792	-0.999911	-0.767373	0.0175096	0.616555	
-0.99993	-0.000441935	-0.011826	-0.000514993	0.999981	0.00617543	0.011823	0.00618109	-0.999911	-0.767363	0.0175093	0.616627	
-0.999929	-0.00043169	-0.0118739	-0.000504856	0.999981	0.00615964	0.011871	0.0061652	-0.999911	-0.767352	0.0175091	0.6167	
-0.999929	-0.000421433	-0.0119236	-0.000494729	0.999981	0.00614477	0.0119208	0.00615023	-0.99991	-0.767342	0.0175089	0.616774	
-0.999928	-0.000411179	-0.0119753	-0.000484625	0.999981	0.0061308	0.0119726	0.00613617	-0.999909	-0.767332	0.0175087	0.616849	
-0.999928	-0.000400943	-0.0120289	-0.00047456	0.999981	0.00611772	0.0120262	0.00612299	-0.999909	-0.767321	0.0175084	0.616924	
-0.999927	-0.000390739	-0.0120843	-0.000464546	0.999981	0.0061055	0.0120817	0.00611067	-0.999908	-0.767311	0.0175082	0.617	
-0.999926	-0.000380577	-0.0121416	-0.000454597	0.999981	0.00609413	0.0121391	0.0060992	-0.999908	-0.7673	0.017508	0.617077	
-0.999925	-0.00037047	-0.0122009	-0.000444722	0.999981	0.00608358	0.0121984	0.00608855	-0.999907	-0.76729	0.0175078	0.617154	
-0.999925	-0.000360427	-0.012262	-0.000434931	0.999981	0.00607384	0.0122596	0.00607872	-0.999906	-0.767279	0.0175075	0.617232	
-0.999924	-0.000350457	-0.012325	-0.000425233	0.999982	0.00606489	0.0123226	0.00606967	-0.999906	-0.767268	0.0175073	0.617311	
-0.999923	-0.000340568	-0.0123899	-0.000415636	0.999982	0.00605672	0.0123876	0.00606141	-0.999905	-0.767258	0.0175071	0.617391	
-0.999922	-0.000330766	-0.0124566	-0.000406146	0.999982	0.00604931	0.0124544	0.0060539	-0.999904	-0.767247	0.0175069	0.617471	
-0.999922	-0.000321058	-0.0125253	-0.000396769	0.999982	0.00604264	0.0125231	0.00604714	-0.999903	-0.767236	0.0175066	0.617552	
-0.999921	-0.000311448	-0.0125959	-0.000387511	0.999982	0.0060367	0.0125937	0.0060411	-0.999902	-0.767225	0.0175064	0.617634	
-0.99992	-0.000301941	-0.0126683	-0.000378374	0.999982	0.00603148	0.0126662	0.00603579	-0.999902	-0.767214	0.0175062	0.617717	
-0.999919	-0.00029254	-0.0127426	-0.000369364	0.999982	0.00602695	0.0127406	0.00603117	-0.999901	-0.767203	0.017506	0.6178	
-0.999918	-0.000283248	-0.0128188	-0.000360482	0.999982	0.00602311	0.0128169	0.00602724	-0.9999	-0.767192	0.0175058	0.617884	
-0.999917	-0.000274067	-0.0128969	-0.00035173	0.999982	0.00601994	0.0128951	0.00602398	-0.999899	-0.767181	0.0175056	0.617969	
-0.999916	-0.000264999	-0.0129769	-0.000343111	0.999982	0.00601743	0.0129751	0.00602138	-0.999898	-0.76717	0.0175054	0.618054	
-0.999915	-0.000256045	-0.0130588	-0.000334625	0.999982	0.00601557	0.013057	0.00601942	-0.999897	-0.767159	0.0175052	0.61814	
-0.999914	-0.000247206	-0.0131426	-0.000326273	0.999982	0.00601434	0.0131409	0.00601811	-0.999896	-0.767149	0.017505	0.618227	
-0.999912	-0.00023848	-0.0132282	-0.000318055	0.999982	0.00601373	0.0132266	0.00601741	-0.999894	-0.767138	0.0175048	0.618314	
-0.999911	-0.000229869	-0.0133158	-0.00030997	0.999982	0.00601373	0.0133142	0.00601733	-0.999893	-0.767127	0.0175046	0.618403	
-0.99991	-0.000221371	-0.0134052	-0.000302018	0.999982	0.00601433	0.0134037	0.00601784	-0.999892	-0.767116	0.0175044	0.618492	
-0.999909	-0.000212985	-0.0134966	-0.000294197	0.999982	0.00601552	0.013495	0.00601895	-0.999891	-0.767105	0.0175042	0.618581	
-0.999908	-0.000204709	-0.0135898	-0.000286506	0.999982	0.00601729	0.0135883	0.00602063	-0.99989	-0.767094	0.017504	0.618672	
-0.999906	-0.000196542	-0.0136849	-0.000278943	0.999982	0.00601963	0.0136835	0.00602288	-0.999888	-0.767083	0.0175039	0.618763	
-0.999905	-0.000188482	-0.0137819	-0.000271506	0.999982	0.00602252	0.0137806	0.00602569	-0.999887	-0.767072	0.0175037	0.618855	
-0.999904	-0.000180526	-0.0138808	-0.000264193	0.999982	0.00602595	0.0138795	0.00602904	-0.999885	-0.767061	0.0175035	0.618947	
-0.999902	-0.000172672	-0.0139816	-0.000257002	0.999982	0.00602993	0.0139804	0.00603293	-0.999884	-0.76705	0.0175033	0.619041	
-0.999901	-0.000164916	-0.0140843	-0.000249929	0.999982	0.00603443	0.0140831	0.00603736	-0.999883	-0.76704	0.0175031	0.619134	
-0.999899	-0.000157258	-0.0141889	-0.000242973	0.999982	0.00603946	0.0141877	0.0060423	-0.999881	-0.767029	0.017503	0.619229	
-0.999898	-0.000149692	-0.0142954	-0.000236129	0.999982	0.00604499	0.0142943	0.00604775	-0.99988	-0.767018	0.0175028	0.619325	
-0.999896	-0.000142216	-0.0144038	-0.000229395	0.999982	0.00605103	0.0144027	0.00605371	-0.999878	-0.767007	0.0175026	0.619421	
-0.999895	-0.000134827	-0.0145141	-0.000222768	0.999982	0.00605756	0.014513	0.00606016	-0.999876	-0.766997	0.0175025	0.619517	
-0.999893	-0.000127521	-0.0146263	-0.000216244	0.999982	0.00606458	0.0146253	0.00606709	-0.999875	-0.766986	0.0175023	0.619615	
-0.999891	-0.000120295	-0.0147404	-0.00020982	0.999982	0.00607207	0.0147394	0.00607451	-0.999873	-0.766976	0.0175021	0.619713	
-0.99989	-0.000113145	-0.0148564	-0.000203493	0.999981	0.00608004	0.0148554	0.00608239	-0.999871	-0.766965	0.017502	0.619812	
-0.999888	-0.000106068	-0.0149743	-0.000197259	0.999981	0.00608847	0.0149734	0.00609074	-0.999869	-0.766955	0.0175018	0.619912	
-0.999886	-9.90608e-05	-0.0150941	-0.000191115	0.999981	0.00609736	0.0150932	0.00609955	-0.999867	-0.766944	0.0175016	0.620012	
-0.999884	-9.21187e-05	-0.0152158	-0.000185057	0.999981	0.00610669	0.0152149	0.0061088	-0.999866	-0.766934	0.0175015	0.620113	
-0.999882	-8.52386e-05	-0.0153394	-0.000179081	0.999981	0.00611647	0.0153386	0.0061185	-0.999864	-0.766924	0.0175013	0.620215	
-0.99988	-7.84167e-05	-0.0154649	-0.000173185	0.999981	0.00612668	0.0154642	0.00612863	-0.999862	-0.766914	0.0175012	0.620317	
-0.999878	-7.16495e-05	-0.0155923	-0.000167364	0.999981	0.00613733	0.0155916	0.00613919	-0.99986	-0.766904	0.017501	0.620421	
-0.999876	-6.49334e-05	-0.0157217	-0.000161615	0.999981	0.00614839	0.015721	0.00615018	-0.999858	-0.766894	0.0175009	0.620524	
-0.999874	-5.82647e-05	-0.0158529	-0.000155935	0.999981	0.00615988	0.0158523	0.00616158	-0.999855	-0.766884	0.0175007	0.620629	
-0.999872	-5.16398e-05	-0.0159861	-0.000150321	0.999981	0.00617178	0.0159855	0.00617339	-0.999853	-0.766874	0.0175006	0.620734	
-0.99987	-4.50552e-05	-0.0161212	-0.000144768	0.999981	0.00618408	0.0161206	0.00618561	-0.999851	-0.766864	0.0175004	0.62084	
-0.999868	-3.85074e-05	-0.0162581	-0.000139273	0.999981	0.00619678	0.0162576	0.00619822	-0.999849	-0.766854	0.0175003	0.620947	
-0.999866	-3.1993e-05	-0.016397	-0.000133834	0.999981	0.00620988	0.0163965	0.00621124	-0.999846	-0.766844	0.0175001	0.621054	
-0.999863	-2.55084e-05	-0.0165379	-0.000128447	0.999981	0.00622336	0.0165374	0.00622463	-0.999844	-0.766835	0.0175	0.621163	
-0.999861	-1.90503e-05	-0.0166806	-0.000123108	0.999981	0.00623723	0.0166801	0.00623842	-0.999841	-0.766825	0.0174998	0.621271	
-0.999858	-1.26154e-05	-0.0168252	-0.000117815	0.99998	0.00625148	0.0168248	0.00625258	-0.999839	-0.766816	0.0174997	0.621381	
-0.999856	-6.20042e-06	-0.0169718	-0.000112564	0.99998	0.00626611	0.0169714	0.00626711	-0.999836	-0.766806	0.0174995	0.621491	
-0.999853	-1.7873e-06	-0.0171203	-0.000109333	0.99998	0.00628082	0.0171199	0.00628177	-0.999834	-0.766797	0.0174995	0.621602	
-0.999851	-1.78737e-06	-0.0172705	-0.000110531	0.99998	0.00629555	0.0172701	0.00629652	-0.999831	-0.766788	0.0174995	0.621714	
-0.999848	-1.78647e-06	-0.0174226	-0.000111751	0.99998	0.00631062	0.0174223	0.00631161	-0.999828	-0.766779	0.0174995	0.621826	
-0.999846	-1.78554e-06	-0.0175767	-0.000112993	0.99998	0.00632603	0.0175763	0.00632703	-0.999826	-0.76677	0.0174994	0.621939	
-0.999843	-1.78458e-06	-0.0177326	-0.000114258	0.99998	0.00634177	0.0177322	0.0063428	-0.999823	-0.766761	0.0174994	0.622053	
-0.99984	-1.78359e-06	-0.0178904	-0.000115546	0.99998	0.00635784	0.01789	0.00635889	-0.99982	-0.766752	0.0174994	0.622167	
-0.999837	-1.78258e-06	-0.0180501	-0.000116857	0.99998	0.00637424	0.0180497	0.00637532	-0.999817	-0.766743	0.0174994	0.622282	
-0.999834	-1.78155e-06	-0.0182117	-0.000118191	0.99998	0.00639097	0.0182113	0.00639206	-0.999814	-0.766735	0.0174994	0.622398	
-0.999831	-1.78048e-06	-0.0183752	-0.000119549	0.999979	0.00640802	0.0183748	0.00640913	-0.999811	-0.766726	0.0174994	0.622515	
-0.999828	-1.77939e-06	-0.0185405	-0.00012093	0.999979	0.00642538	0.0185401	0.00642652	-0.999807	-0.766718	0.0174994	0.622632	
-0.999825	-1.77828e-06	-0.0187078	-0.000122335	0.999979	0.00644306	0.0187074	0.00644422	-0.999804	-0.766709	0.0174994	0.62275	
-0.999822	-1.77713e-06	-0.0188769	-0.000123764	0.999979	0.00646104	0.0188765	0.00646223	-0.999801	-0.766701	0.0174994	0.622868	
-0.999819	-1.77596e-06	-0.019048	-0.000125217	0.999979	0.00647934	0.0190475	0.00648055	-0.999798	-0.766693	0.0174994	0.622988	
-0.999815	-1.77476e-06	-0.0192209	-0.000126694	0.999979	0.00649794	0.0192204	0.00649917	-0.999794	-0.766685	0.0174994	0.623108	
-0.999812	-1.77353e-06	-0.0193957	-0.000128196	0.999979	0.00651684	0.0193952	0.0065181	-0.999791	-0.766677	0.0174994	0.623228	
-0.999808	-1.77227e-06	-0.0195724	-0.000129723	0.999979	0.00653604	0.0195719	0.00653732	-0.999787	-0.766669	0.0174994	0.62335	
-0.999805	-1.77098e-06	-0.0197509	-0.000131274	0.999979	0.00655553	0.0197505	0.00655684	-0.999783	-0.766661	0.0174994	0.623472	
-0.999801	-1.76967e-06	-0.0199314	-0.000132851	0.999978	0.00657532	0.0199309	0.00657666	-0.99978	-0.766653	0.0174994	0.623595	
-0.999798	-1.76833e-06	-0.0201137	-0.000134453	0.999978	0.0065954	0.0201133	0.00659677	-0.999776	-0.766645	0.0174994	0.623718	
-0.999794	-1.76695e-06	-0.0202979	-0.000136081	0.999978	0.00661576	0.0202975	0.00661716	-0.999772	-0.766638	0.0174994	0.623843	
-0.99979	-1.76555e-06	-0.020484	-0.000137735	0.999978	0.00663641	0.0204836	0.00663784	-0.999768	-0.76663	0.0174994	0.623968	
-0.999786	-1.76412e-06	-0.020672	-0.000139415	0.999978	0.00665734	0.0206716	0.0066588	-0.999764	-0.766623	0.0174994	0.624093	
-0.999782	-1.76266e-06	-0.0208619	-0.00014112	0.999978	0.00667855	0.0208614	0.00668004	-0.99976	-0.766616	0.0174994	0.62422	
-0.999778	-1.76117e-06	-0.0210536	-0.000142853	0.999978	0.00670004	0.0210531	0.00670156	-0.999756	-0.766608	0.0174994	0.624347	
-0.999774	-1.75965e-06	-0.0212472	-0.000144612	0.999977	0.0067218	0.0212467	0.00672336	-0.999752	-0.766601	0.0174994	0.624475	
-0.99977	-1.7581e-06	-0.0214427	-0.000146398	0.999977	0.00674384	0.0214422	0.00674542	-0.999747	-0.766594	0.0174994	0.624603	
-0.999766	-1.75652e-06	-0.0216401	-0.000148211	0.999977	0.00676614	0.0216396	0.00676776	-0.999743	-0.766587	0.0174994	0.624732	
-0.999761	-1.75492e-06	-0.0218393	-0.000150052	0.999977	0.00678871	0.0218388	0.00679037	-0.999738	-0.766581	0.0174994	0.624862	
-0.999757	-1.75328e-06	-0.0220404	-0.00015192	0.999977	0.00681155	0.0220399	0.00681324	-0.999734	-0.766574	0.0174994	0.624993	
-0.999753	-1.75161e-06	-0.0222434	-0.000153815	0.999977	0.00683464	0.0222429	0.00683637	-0.999729	-0.766567	0.0174994	0.625124	
-0.999748	-1.74991e-06	-0.0224483	-0.000155739	0.999976	0.006858	0.0224477	0.00685977	-0.999724	-0.766561	0.0174994	0.625256	
-0.999743	-1.74818e-06	-0.022655	-0.000157692	0.999976	0.00688162	0.0226544	0.00688342	-0.99972	-0.766554	0.0174994	0.625389	
-0.999739	-1.74642e-06	-0.0228636	-0.000159672	0.999976	0.00690549	0.022863	0.00690733	-0.999715	-0.766548	0.0174994	0.625522	
-0.999734	-1.74463e-06	-0.023074	-0.000161682	0.999976	0.00692961	0.0230735	0.0069315	-0.99971	-0.766542	0.0174994	0.625656	
-0.999729	-1.74281e-06	-0.0232864	-0.00016372	0.999976	0.00695399	0.0232858	0.00695592	-0.999705	-0.766536	0.0174993	0.625791	
-0.999724	-1.74095e-06	-0.0235005	-0.000165788	0.999976	0.00697862	0.0235	0.00698059	-0.999699	-0.76653	0.0174993	0.625927	
-0.999719	-1.73907e-06	-0.0237166	-0.000167885	0.999975	0.00700349	0.023716	0.0070055	-0.999694	-0.766524	0.0174993	0.626063	
-0.999714	-1.73716e-06	-0.0239345	-0.000170012	0.999975	0.00702861	0.0239339	0.00703067	-0.999689	-0.766518	0.0174993	0.6262	
-0.999708	-1.73521e-06	-0.0241542	-0.000172169	0.999975	0.00705397	0.0241536	0.00705607	-0.999683	-0.766512	0.0174993	0.626337	
-0.999703	-1.73324e-06	-0.0243758	-0.000174356	0.999975	0.00707958	0.0243752	0.00708172	-0.999678	-0.766506	0.0174993	0.626476	
-0.999697	-1.73123e-06	-0.0245993	-0.000176573	0.999975	0.00710542	0.0245987	0.00710761	-0.999672	-0.766501	0.0174993	0.626615	
-0.999692	-1.72919e-06	-0.0248246	-0.000178821	0.999975	0.0071315	0.024824	0.00713374	-0.999666	-0.766495	0.0174993	0.626755	
-0.999686	-1.72712e-06	-0.0250518	-0.0001811	0.999974	0.00715782	0.0250511	0.00716011	-0.999661	-0.76649	0.0174993	0.626895	
-0.99968	-1.72502e-06	-0.0252808	-0.00018341	0.999974	0.00718437	0.0252801	0.00718671	-0.999655	-0.766485	0.0174993	0.627036	
-0.999675	-1.72288e-06	-0.0255117	-0.000185752	0.999974	0.00721116	0.025511	0.00721355	-0.999649	-0.76648	0.0174993	0.627178	
-0.999669	-1.72072e-06	-0.0257444	-0.000188125	0.999974	0.00723817	0.0257437	0.00724062	-0.999642	-0.766474	0.0174993	0.627321	
-0.999662	-1.71852e-06	-0.0259789	-0.000190531	0.999974	0.00726542	0.0259782	0.00726791	-0.999636	-0.766469	0.0174993	0.627464	
-0.999656	-1.71629e-06	-0.0262153	-0.000192968	0.999973	0.00729289	0.0262146	0.00729544	-0.99963	-0.766465	0.0174993	0.627608	
-0.99965	-1.71403e-06	-0.0264535	-0.000195438	0.999973	0.00732058	0.0264528	0.00732319	-0.999623	-0.76646	0.0174993	0.627753	
-0.999644	-1.71174e-06	-0.0266936	-0.00019794	0.999973	0.0073485	0.0266929	0.00735117	-0.999617	-0.766455	0.0174993	0.627898	
-0.999637	-1.70941e-06	-0.0269355	-0.000200476	0.999973	0.00737665	0.0269348	0.00737937	-0.99961	-0.76645	0.0174993	0.628044	
-0.999631	-1.70705e-06	-0.0271792	-0.000203044	0.999973	0.00740501	0.0271785	0.0074078	-0.999603	-0.766446	0.0174993	0.628191	
-0.999624	-1.70466e-06	-0.0274248	-0.000205647	0.999972	0.0074336	0.027424	0.00743644	-0.999596	-0.766441	0.0174993	0.628338	
-0.999617	-1.70224e-06	-0.0276721	-0.000208283	0.999972	0.0074624	0.0276714	0.0074653	-0.999589	-0.766437	0.0174993	0.628487	
-0.99961	-1.69978e-06	-0.0279213	-0.000210952	0.999972	0.00749142	0.0279205	0.00749439	-0.999582	-0.766433	0.0174993	0.628636	
-0.999603	-1.6973e-06	-0.0281724	-0.000213657	0.999972	0.00752065	0.0281716	0.00752368	-0.999575	-0.766429	0.0174993	0.628785	
-0.999596	-1.69477e-06	-0.0284252	-0.000216395	0.999971	0.0075501	0.0284244	0.0075532	-0.999567	-0.766424	0.0174992	0.628935	
-0.999589	-1.69222e-06	-0.0286798	-0.000219169	0.999971	0.00757975	0.028679	0.00758292	-0.99956	-0.76642	0.0174992	0.629087	
-0.999581	-1.68963e-06	-0.0289363	-0.000221977	0.999971	0.00760962	0.0289355	0.00761286	-0.999552	-0.766417	0.0174992	0.629238	
-0.999574	-1.68701e-06	-0.0291946	-0.000224821	0.999971	0.0076397	0.0291937	0.00764301	-0.999545	-0.766413	0.0174992	0.629391	
-0.999566	-1.68436e-06	-0.0294547	-0.0002277	0.999971	0.00766999	0.0294538	0.00767337	-0.999537	-0.766409	0.0174992	0.629544	
-0.999558	-1.68167e-06	-0.0297165	-0.000230615	0.99997	0.00770048	0.0297156	0.00770394	-0.999529	-0.766405	0.0174992	0.629698	
-0.99955	-1.67895e-06	-0.0299802	-0.000233566	0.99997	0.00773118	0.0299793	0.00773471	-0.999521	-0.766402	0.0174992	0.629852	
-0.999542	-1.67619e-06	-0.0302457	-0.000236554	0.99997	0.00776209	0.0302448	0.00776569	-0.999512	-0.766398	0.0174992	0.630008	
-0.999534	-1.6734e-06	-0.030513	-0.000239578	0.99997	0.00779319	0.030512	0.00779687	-0.999504	-0.766395	0.0174992	0.630164	
-0.999526	-1.67058e-06	-0.030782	-0.000242639	0.999969	0.0078245	0.0307811	0.00782826	-0.999495	-0.766391	0.0174992	0.63032	
-0.999518	-1.66772e-06	-0.0310529	-0.000245738	0.999969	0.00785601	0.0310519	0.00785985	-0.999487	-0.766388	0.0174992	0.630478	
-0.999509	-1.66483e-06	-0.0313255	-0.000248873	0.999969	0.00788771	0.0313245	0.00789164	-0.999478	-0.766385	0.0174992	0.630636	
-0.999501	-1.6619e-06	-0.0315999	-0.000252047	0.999969	0.00791962	0.0315989	0.00792363	-0.999469	-0.766382	0.0174992	0.630795	
-0.999492	-1.65894e-06	-0.0318761	-0.000255258	0.999968	0.00795172	0.031875	0.00795582	-0.99946	-0.766379	0.0174992	0.630954	
-0.999483	-1.65595e-06	-0.032154	-0.000258508	0.999968	0.00798402	0.032153	0.0079882	-0.999451	-0.766376	0.0174992	0.631114	
-0.999474	-1.65292e-06	-0.0324337	-0.000261796	0.999968	0.00801651	0.0324327	0.00802078	-0.999442	-0.766373	0.0174992	0.631275	
-0.999465	-1.64986e-06	-0.0327152	-0.000265123	0.999968	0.00804919	0.0327142	0.00805356	-0.999432	-0.76637	0.0174992	0.631437	
-0.999455	-1.64676e-06	-0.0329985	-0.000268489	0.999967	0.00808207	0.0329974	0.00808653	-0.999423	-0.766367	0.0174991	0.631599	
-0.999446	-1.64362e-06	-0.0332835	-0.000271894	0.999967	0.00811514	0.0332824	0.00811969	-0.999413	-0.766365	0.0174991	0.631762	
-0.999436	-1.64046e-06	-0.0335703	-0.000275339	0.999967	0.0081484	0.0335691	0.00815305	-0.999403	-0.766362	0.0174991	0.631926	
-0.999427	-1.63725e-06	-0.0338588	-0.000278824	0.999966	0.00818184	0.0338576	0.00818659	-0.999393	-0.76636	0.0174991	0.632091	
-0.999417	-1.63401e-06	-0.034149	-0.000282349	0.999966	0.00821548	0.0341478	0.00822033	-0.999383	-0.766357	0.0174991	0.632256	
-0.999407	-1.63074e-06	-0.034441	-0.000285914	0.999966	0.0082493	0.0344398	0.00825425	-0.999373	-0.766355	0.0174991	0.632422	
-0.999397	-1.62743e-06	-0.0347347	-0.000289521	0.999966	0.00828331	0.0347335	0.00828836	-0.999362	-0.766353	0.0174991	0.632588	
-0.999386	-1.56388e-06	-0.0350302	-0.000293107	0.999965	0.0083175	0.035029	0.00832266	-0.999352	-0.76635	0.0174991	0.632756	
-0.999376	-1.21059e-06	-0.0353274	-0.000296445	0.999965	0.00835186	0.0353261	0.00835711	-0.999341	-0.766348	0.0174991	0.632924	
-0.999365	-3.50979e-07	-0.0356263	-0.000299317	0.999965	0.00838638	0.035625	0.00839172	-0.99933	-0.766346	0.0174991	0.633092	
-0.999354	1.18585e-06	-0.0359269	-0.000301551	0.999964	0.00842105	0.0359257	0.00842645	-0.999319	-0.766344	0.0174991	0.633262	
-0.999344	3.53241e-06	-0.0362293	-0.000303017	0.999964	0.00845588	0.036228	0.0084613	-0.999308	-0.766342	0.0174992	0.633432	
-0.999332	6.78898e-06	-0.0365333	-0.000303613	0.999964	0.00849084	0.0365321	0.00849627	-0.999296	-0.76634	0.0174993	0.633603	
-0.999321	1.10794e-05	-0.0368391	-0.000303217	0.999964	0.00852599	0.0368379	0.00853137	-0.999285	-0.766339	0.0174993	0.633774	
-0.99931	1.63424e-05	-0.0371466	-0.000301888	0.999963	0.00856124	0.0371454	0.00856654	-0.999273	-0.766337	0.0174994	0.633947	
-0.999298	2.2672e-05	-0.0374559	-0.000299533	0.999963	0.00859663	0.0374547	0.00860181	-0.999261	-0.766335	0.0174996	0.63412	
-0.999287	3.00836e-05	-0.0377668	-0.000296138	0.999963	0.00863216	0.0377656	0.00863719	-0.999249	-0.766334	0.0174997	0.634293	
-0.999275	3.85797e-05	-0.0380795	-0.0002917	0.999962	0.00866784	0.0380784	0.00867266	-0.999237	-0.766332	0.0174999	0.634467	
-0.999263	4.81516e-05	-0.0383938	-0.000286228	0.999962	0.00870366	0.0383928	0.00870823	-0.999225	-0.766331	0.0175001	0.634643	
-0.99925	5.8782e-05	-0.03871	-0.000279741	0.999962	0.00873964	0.038709	0.00874392	-0.999212	-0.76633	0.0175004	0.634818	
