-1	-8.02317e-05	1.78871e-05	8.02319e-05	-1	1.19801e-05	1.78862e-05	1.19815e-05	1	-0.776903	0.00850054	0.571999	
-1	-0.00077572	0.000206562	0.000775749	-1	0.000142384	0.000206452	0.000142544	1	-0.776925	0.00851006	0.571983	
-0.999999	-0.0013008	0.000393425	0.00130091	-0.999999	0.000268459	0.000393075	0.000268971	1	-0.776934	0.00852283	0.571968	
-0.999998	-0.00168589	0.000578437	0.00168612	-0.999999	0.000390251	0.000577778	0.000391226	1	-0.776933	0.00853814	0.571953	
-0.999998	-0.00195644	0.000761573	0.00195683	-0.999998	0.000507791	0.000760578	0.00050928	1	-0.776923	0.00855538	0.57194	
-0.999997	-0.00213377	0.000942816	0.00213436	-0.999998	0.000621098	0.000941488	0.000623108	0.999999	-0.776906	0.00857404	0.571927	
-0.999997	-0.00223566	0.00112215	0.00223648	-0.999997	0.000730182	0.00112052	0.000732689	0.999999	-0.776884	0.0085937	0.571915	
-0.999997	-0.00227697	0.00129958	0.00227805	-0.999997	0.000835047	0.00129767	0.000838005	0.999999	-0.776857	0.00861399	0.571905	
-0.999996	-0.00227004	0.00147509	0.00227142	-0.999997	0.000935694	0.00147296	0.000939042	0.999998	-0.776826	0.00863461	0.571895	
-0.999996	-0.00222514	0.00164869	0.00222685	-0.999997	0.00103212	0.00164638	0.00103579	0.999998	-0.776792	0.00865531	0.571887	
-0.999996	-0.0021508	0.00182037	0.00215285	-0.999997	0.00112431	0.00181794	0.00112823	0.999998	-0.776756	0.00867589	0.571879	
-0.999996	-0.00205405	0.00199014	0.00205647	-0.999997	0.00121227	0.00198764	0.00121636	0.999997	-0.776717	0.00869616	0.571872	
-0.999996	-0.0019407	0.002158	0.0019435	-0.999997	0.00129598	0.00215548	0.00130016	0.999997	-0.776678	0.008716	0.571866	
-0.999996	-0.0018155	0.00232395	0.0018187	-0.999997	0.00137542	0.00232145	0.00137965	0.999996	-0.776637	0.00873528	0.571862	
-0.999995	-0.00168236	0.002488	0.00168598	-0.999998	0.0014506	0.00248555	0.00145479	0.999996	-0.776595	0.00875391	0.571858	
-0.999995	-0.00154445	0.00265015	0.00154849	-0.999998	0.0015215	0.0026478	0.0015256	0.999995	-0.776552	0.0087718	0.571855	
-0.999995	-0.00140434	0.00281041	0.00140881	-0.999998	0.00158811	0.00280817	0.00159206	0.999995	-0.77651	0.0087889	0.571853	
-0.999995	-0.00126408	0.00296877	0.00126898	-0.999998	0.00165042	0.00296668	0.00165418	0.999994	-0.776467	0.00880516	0.571852	
-0.999994	-0.00112531	0.00312524	0.00113065	-0.999998	0.00170841	0.00312331	0.00171194	0.999994	-0.776423	0.00882052	0.571852	
-0.999994	-0.000989315	0.00327982	0.000995098	-0.999998	0.00176209	0.00327807	0.00176534	0.999993	-0.77638	0.00883497	0.571853	
-0.999994	-0.000857102	0.00343251	0.000863323	-0.999998	0.00181143	0.00343095	0.00181438	0.999992	-0.776336	0.00884848	0.571855	
-0.999993	-0.000729426	0.00358332	0.000736081	-0.999998	0.00185643	0.00358196	0.00185905	0.999992	-0.776293	0.00886102	0.571859	
-0.999993	-0.000606848	0.00373224	0.000613931	-0.999998	0.00189708	0.00373108	0.00189936	0.999991	-0.77625	0.00887259	0.571863	
-0.999992	-0.000489452	0.0038472	0.000496873	-0.999998	0.0019283	0.00384625	0.0019302	0.999991	-0.776215	0.00888159	0.571865	
-0.999992	-0.000377871	0.00388203	0.000385415	-0.999998	0.00194276	0.00388128	0.00194424	0.999991	-0.776201	0.00888597	0.571864	
-0.999992	-0.000273123	0.00391487	0.00028077	-0.999998	0.00195281	0.00391433	0.0019539	0.99999	-0.776187	0.00888961	0.571864	
-0.999992	-0.000175037	0.00393131	0.000182728	-0.999998	0.00195617	0.00393096	0.00195688	0.99999	-0.776177	0.00889176	0.571863	
-0.999992	-8.36491e-05	0.00393686	9.13412e-05	-0.999998	0.00195371	0.00393669	0.00195406	0.99999	-0.776169	0.00889269	0.571863	
-0.999992	1.15452e-06	0.00393151	6.49396e-06	-0.999998	0.00194542	0.00393151	0.00194543	0.99999	-0.776164	0.00889239	0.571863	
-0.999992	8.16792e-05	0.00391666	-7.41105e-05	-0.999998	0.00193254	0.00391681	0.00193224	0.99999	-0.776161	0.00889114	0.571864	
-0.999992	0.000157699	0.00389905	-0.000150225	-0.999998	0.00191688	0.00389934	0.00191627	0.999991	-0.776078	0.00896959	0.571865	
-0.999992	0.000226755	0.00387816	-0.000219401	-0.999998	0.00189658	0.00387858	0.00189571	0.999991	-0.775873	0.00917008	0.571866	
-0.999993	0.000289284	0.00385201	-0.000282077	-0.999998	0.00187134	0.00385254	0.00187024	0.999991	-0.775574	0.00946436	0.571867	
-0.999993	0.000345674	0.00381904	-0.000338645	-0.999998	0.0018409	0.00381967	0.0018396	0.999991	-0.775206	0.00982909	0.571868	
-0.999993	0.000396277	0.00377796	-0.00038946	-0.999998	0.00180508	0.00377867	0.0018036	0.999991	-0.774786	0.0102451	0.57187	
-0.999993	0.000441414	0.0037277	-0.000434842	-0.999998	0.00176371	0.00372848	0.00176207	0.999991	-0.774332	0.0106967	0.571872	
-0.999993	0.000481379	0.00366738	-0.000475086	-0.999998	0.00171664	0.0036682	0.00171489	0.999992	-0.773856	0.011171	0.571875	
-0.999993	0.000516445	0.00359625	-0.000510464	-0.999998	0.00166378	0.0035971	0.00166193	0.999992	-0.773368	0.0116577	0.571878	
-0.999994	0.000546864	0.00351382	-0.000541227	-0.999999	0.00160504	0.00351469	0.00160313	0.999993	-0.772878	0.0121485	0.571881	
-0.999994	0.000572876	0.00341954	-0.000567611	-0.999999	0.00154036	0.00342042	0.00153841	0.999993	-0.772392	0.0126366	0.571885	
-0.999994	0.000594702	0.00331303	-0.000589835	-0.999999	0.00146968	0.0033139	0.00146772	0.999993	-0.771915	0.0131168	0.571889	
-0.999995	0.000612551	0.00319402	-0.000608105	-0.999999	0.00139296	0.00319487	0.00139101	0.999994	-0.771451	0.013585	0.571894	
-0.999995	0.000626622	0.0030623	-0.000622612	-0.999999	0.00131019	0.00306312	0.00130827	0.999994	-0.771004	0.014038	0.571899	
-0.999996	0.000637102	0.00291773	-0.000633541	-0.999999	0.00122134	0.00291851	0.00121948	0.999995	-0.770576	0.0144735	0.571904	
-0.999996	0.000644167	0.00276024	-0.00064106	-0.999999	0.00112641	0.00276096	0.00112463	0.999996	-0.770168	0.0148897	0.57191	
-0.999996	0.000647987	0.00258977	-0.000645334	-0.999999	0.0010254	0.00259043	0.00102372	0.999996	-0.769782	0.0152856	0.571916	
-0.999997	0.000648723	0.00240624	-0.000646515	-0.999999	0.000918303	0.00240684	0.000916745	0.999997	-0.769419	0.0156603	0.571923	
-0.999997	0.000646524	0.00220988	-0.000644746	-0.999999	0.000805167	0.0022104	0.00080374	0.999997	-0.769079	0.0160136	0.57193	
-0.999998	0.000641536	0.00200064	-0.000640165	-1	0.000685988	0.00200108	0.000684706	0.999998	-0.768761	0.0163452	0.571938	
-0.999998	0.000633898	0.00177852	-0.000632902	-1	0.000560771	0.00177887	0.000559644	0.999998	-0.768467	0.0166554	0.571946	
-0.999999	0.000623739	0.00154379	-0.000623077	-1	0.000429566	0.00154406	0.000428604	0.999999	-0.768195	0.0169444	0.571955	
-0.999999	0.000611183	0.00129648	-0.000610804	-1	0.000292383	0.00129666	0.00029159	0.999999	-0.767944	0.0172127	0.571964	
-0.999999	0.000596352	0.00103661	-0.000596197	-1	0.000149229	0.0010367	0.000148611	0.999999	-0.767716	0.0174608	0.571973	
-1	0.000579298	0.000768805	-0.000579298	-1	8.37016e-07	0.000768805	3.91649e-07	1	-0.767506	0.0176896	0.571983	
-1	0.000560126	0.000498643	-0.000560201	-1	-0.000151912	0.000498558	-0.000152191	1	-0.767314	0.0178999	0.571994	
-1	0.000539011	0.000226132	-0.000539081	-1	-0.000309012	0.000225965	-0.000309133	1	-0.767139	0.0180926	0.572007	
-1	0.000516113	-4.87334e-05	-0.00051609	-1	-0.00047046	-4.89762e-05	-0.000470435	1	-0.76698	0.0182682	0.57202	
-1	0.000491571	-0.000325958	-0.000491364	-1	-0.000636255	-0.000326271	-0.000636095	1	-0.766836	0.0184276	0.572034	
-1	0.000465509	-0.000605546	-0.00046502	-1	-0.000806393	-0.000605921	-0.000806111	0.999999	-0.766707	0.0185715	0.57205	
-1	0.000438037	-0.000887504	-0.000437166	-0.999999	-0.000980873	-0.000887933	-0.000980485	0.999999	-0.766591	0.0187007	0.572066	
-0.999999	0.000409253	-0.00117183	-0.000407894	-0.999999	-0.00115969	-0.00117231	-0.00115921	0.999999	-0.766488	0.0188157	0.572084	
-0.999999	0.000379248	-0.00145854	-0.000377289	-0.999999	-0.00134285	-0.00145905	-0.0013423	0.999998	-0.766398	0.0189175	0.572102	
-0.999998	0.000348098	-0.00174763	-0.000345424	-0.999999	-0.00153035	-0.00174816	-0.00152974	0.999997	-0.766319	0.0190066	0.572121	
-0.999998	0.000315876	-0.00203911	-0.000312365	-0.999998	-0.00172218	-0.00203965	-0.00172154	0.999996	-0.766251	0.0190837	0.572142	
-0.999997	0.000282647	-0.00233298	-0.000278171	-0.999998	-0.00191835	-0.00233352	-0.00191769	0.999995	-0.766193	0.0191496	0.572163	
-0.999997	0.000248467	-0.00262924	-0.000242896	-0.999998	-0.00211885	-0.00262976	-0.0021182	0.999994	-0.766145	0.0192047	0.572185	
-0.999996	0.00021339	-0.00292791	-0.000206587	-0.999997	-0.00232368	-0.00292839	-0.00232307	0.999993	-0.766106	0.0192498	0.572209	
-0.999995	0.000177463	-0.00322897	-0.000169285	-0.999997	-0.00253285	-0.00322941	-0.00253229	0.999992	-0.766075	0.0192853	0.572233	
-0.999994	0.00014073	-0.00353245	-0.000131028	-0.999996	-0.00274636	-0.00353282	-0.00274588	0.99999	-0.766052	0.0193119	0.572258	
-0.999993	0.000103229	-0.00383834	-9.18521e-05	-0.999996	-0.00296419	-0.00383862	-0.00296381	0.999988	-0.766037	0.0193301	0.572284	
-0.999991	6.49985e-05	-0.00414664	-5.1786e-05	-0.999995	-0.00318636	-0.00414682	-0.00318611	0.999986	-0.766028	0.0193403	0.572311	
-0.99999	2.60698e-05	-0.00445736	-1.08574e-05	-0.999994	-0.00341285	-0.00445742	-0.00341277	0.999984	-0.766026	0.019343	0.572339	
-0.999989	-1.35265e-05	-0.00477051	3.0909e-05	-0.999993	-0.00364369	-0.00477043	-0.00364379	0.999982	-0.76603	0.0193387	0.572368	
-0.999987	-5.37629e-05	-0.00508608	7.34916e-05	-0.999992	-0.00387885	-0.00508584	-0.00387917	0.99998	-0.766039	0.0193277	0.572398	
-0.999985	-9.46137e-05	-0.00540409	0.000116871	-0.999992	-0.00411835	-0.00540365	-0.00411892	0.999977	-0.766053	0.0193106	0.572429	
-0.999984	-0.000136056	-0.00572453	0.000161029	-0.99999	-0.00436218	-0.00572389	-0.00436303	0.999974	-0.766073	0.0192876	0.572461	
-0.999982	-0.000178067	-0.00604742	0.00020595	-0.999989	-0.00461034	-0.00604653	-0.0046115	0.999971	-0.766096	0.0192591	0.572493	
-0.99998	-0.000220629	-0.00637274	0.000251621	-0.999988	-0.00486283	-0.00637159	-0.00486434	0.999968	-0.766124	0.0192254	0.572527	
-0.999978	-0.000263722	-0.00670052	0.00029803	-0.999987	-0.00511966	-0.00669908	-0.00512154	0.999964	-0.766155	0.0191869	0.572561	
-0.999975	-0.00030733	-0.00703074	0.000345165	-0.999985	-0.00538082	-0.00702899	-0.00538312	0.999961	-0.76619	0.0191439	0.572597	
-0.999973	-0.000351437	-0.00736343	0.000393018	-0.999984	-0.00564632	-0.00736132	-0.00564906	0.999957	-0.766228	0.0190966	0.572633	
-0.99997	-0.000396029	-0.00769857	0.000441581	-0.999982	-0.00591615	-0.00769609	-0.00591937	0.999953	-0.766269	0.0190452	0.57267	
-0.999968	-0.000441091	-0.00803617	0.000490845	-0.999981	-0.00619032	-0.00803329	-0.00619406	0.999949	-0.766313	0.0189901	0.572709	
-0.999965	-0.000486613	-0.00837624	0.000540807	-0.999979	-0.00646882	-0.00837292	-0.00647312	0.999944	-0.766359	0.0189314	0.572748	
-0.999962	-0.000532583	-0.00871879	0.000591459	-0.999977	-0.00675165	-0.00871499	-0.00675655	0.999939	-0.766408	0.0188694	0.572788	
-0.999959	-0.000578989	-0.00906381	0.0006428	-0.999975	-0.00703882	-0.0090595	-0.00704436	0.999934	-0.766458	0.0188042	0.572829	
-0.999956	-0.000625823	-0.00941131	0.000694825	-0.999973	-0.00733033	-0.00940646	-0.00733655	0.999929	-0.76651	0.0187361	0.57287	
-0.999952	-0.000673074	-0.00976129	0.000747531	-0.999971	-0.00762618	-0.00975587	-0.00763311	0.999923	-0.766564	0.0186652	0.572913	
-0.999949	-0.000720735	-0.0101138	0.000800918	-0.999968	-0.00792636	-0.0101077	-0.00793405	0.999917	-0.766619	0.0185917	0.572957	
-0.999945	-0.000768797	-0.0104687	0.000854985	-0.999966	-0.00823088	-0.010462	-0.00823937	0.999911	-0.766676	0.0185158	0.573001	
-0.999941	-0.000817254	-0.0108262	0.00090973	-0.999963	-0.00853973	-0.0108188	-0.00854908	0.999905	-0.766734	0.0184375	0.573047	
-0.999937	-0.000866098	-0.0111861	0.000965154	-0.99996	-0.00885293	-0.011178	-0.00886317	0.999898	-0.766793	0.018357	0.573093	
-0.999933	-0.000915323	-0.0115486	0.00102126	-0.999957	-0.00917046	-0.0115397	-0.00918164	0.999891	-0.766853	0.0182745	0.573141	
-0.999929	-0.000964923	-0.0119136	0.00107804	-0.999954	-0.00949233	-0.0119039	-0.00950449	0.999884	-0.766914	0.01819	0.573189	
-0.999924	-0.00101489	-0.012281	0.00113551	-0.999951	-0.00981854	-0.0122705	-0.00983173	0.999876	-0.766975	0.0181036	0.573238	
-0.999919	-0.00106523	-0.012651	0.00119366	-0.999948	-0.0101491	-0.0126396	-0.0101634	0.999868	-0.767037	0.0180156	0.573288	
-0.999915	-0.00105469	-0.0129905	0.00119053	-0.999945	-0.0104538	-0.0129788	-0.0104684	0.999861	-0.767095	0.0179337	0.573337	
-0.999915	-0.000563706	-0.0130038	0.000699747	-0.999945	-0.0104595	-0.0129972	-0.0104677	0.999861	-0.767105	0.017926	0.573364	
-0.999915	-0.000172022	-0.0130082	0.000308057	-0.999945	-0.0104563	-0.0130057	-0.0104595	0.999861	-0.767114	0.0179169	0.573392	
-0.999916	6.66566e-05	-0.0129638	6.82712e-05	-0.999946	-0.0104073	-0.0129638	-0.0104074	0.999862	-0.767116	0.0179157	0.573417	
-0.999917	0.00019758	-0.0129	-6.41899e-05	-0.999947	-0.0103399	-0.0129014	-0.0103382	0.999863	-0.767116	0.0179159	0.573442	
-0.999918	0.000269723	-0.012837	-0.000137908	-0.999947	-0.0102682	-0.0128391	-0.0102655	0.999865	-0.767116	0.0179147	0.573466	
-0.999918	0.000296221	-0.0127753	-0.000166004	-0.999948	-0.0101927	-0.0127777	-0.0101897	0.999866	-0.767118	0.0179122	0.573491	
-0.999919	0.00028742	-0.0127151	-0.000158817	-0.999949	-0.010114	-0.0127173	-0.0101112	0.999868	-0.76712	0.0179089	0.573517	
-0.99992	0.000251801	-0.0126561	-0.000124824	-0.99995	-0.0100327	-0.012658	-0.0100303	0.99987	-0.767123	0.0179049	0.573543	
-0.999921	0.000196289	-0.0125984	-7.09425e-05	-0.999951	-0.00994909	-0.0125997	-0.00994741	0.999871	-0.767126	0.0179004	0.573569	
-0.999921	0.000126509	-0.0125421	-2.79255e-06	-0.999951	-0.00986367	-0.0125427	-0.00986286	0.999873	-0.76713	0.0178954	0.573596	
-0.999922	4.70036e-05	-0.012487	7.50873e-05	-0.999952	-0.00977679	-0.0124869	-0.00977696	0.999874	-0.767134	0.0178902	0.573623	
-0.999923	-1.95275e-05	-0.0124286	0.000139876	-0.999953	-0.00968241	-0.0124279	-0.0096834	0.999876	-0.767138	0.0178865	0.57365	
-0.999924	-6.82409e-05	-0.0123674	0.00018677	-0.999954	-0.0095831	-0.0123662	-0.00958468	0.999878	-0.767141	0.0178837	0.573677	
-0.999924	-0.000110524	-0.0123064	0.000227244	-0.999955	-0.00948348	-0.0123048	-0.00948556	0.999879	-0.767145	0.0178807	0.573705	
-0.999925	-0.00014771	-0.012246	0.000262638	-0.999956	-0.00938385	-0.0122441	-0.00938636	0.999881	-0.767148	0.0178776	0.573734	
-0.999926	-0.000180856	-0.0121865	0.000294015	-0.999957	-0.00928448	-0.0121843	-0.00928737	0.999883	-0.767151	0.0178744	0.573763	
-0.999926	-0.000210793	-0.0121282	0.000322213	-0.999958	-0.00918563	-0.0121258	-0.00918886	0.999884	-0.767154	0.0178711	0.573793	
-0.999927	-0.000238167	-0.0120714	0.000347882	-0.999959	-0.0090875	-0.0120687	-0.00909103	0.999886	-0.767157	0.0178679	0.573824	
-0.999928	-0.000263478	-0.0120163	0.000371524	-0.99996	-0.00899029	-0.0120134	-0.0089941	0.999887	-0.76716	0.0178646	0.573855	
-0.999928	-0.000287154	-0.011963	0.000393572	-0.99996	-0.00889416	-0.01196	-0.00889824	0.999889	-0.767163	0.0178613	0.573887	
-0.999929	-0.000309595	-0.0119116	0.000414426	-0.999961	-0.00879926	-0.0119084	-0.00880357	0.99989	-0.767165	0.017858	0.57392	
-0.99993	-0.000331085	-0.011862	0.00043437	-0.999962	-0.00870569	-0.0118587	-0.00871023	0.999892	-0.767167	0.0178548	0.573953	
-0.99993	-0.000351815	-0.0118143	0.000453598	-0.999963	-0.00861357	-0.0118109	-0.00861832	0.999893	-0.76717	0.0178516	0.573988	
-0.999931	-0.000371902	-0.0117686	0.000472224	-0.999964	-0.00852298	-0.011765	-0.00852794	0.999894	-0.767171	0.0178485	0.574023	
-0.999931	-0.000391406	-0.0117247	0.000490312	-0.999964	-0.00843401	-0.0117209	-0.00843918	0.999896	-0.767173	0.0178454	0.574058	
-0.999932	-0.000410348	-0.0116827	0.00050788	-0.999965	-0.00834672	-0.0116788	-0.00835208	0.999897	-0.767174	0.0178423	0.574095	
-0.999932	-0.000428717	-0.0116426	0.00052492	-0.999966	-0.00826118	-0.0116387	-0.00826673	0.999898	-0.767175	0.0178393	0.574132	
-0.999933	-0.000446483	-0.0116044	0.000541399	-0.999966	-0.00817743	-0.0116004	-0.00818316	0.999899	-0.767176	0.0178364	0.57417	
-0.999933	-0.000463603	-0.0115682	0.000557275	-0.999967	-0.00809551	-0.0115641	-0.00810141	0.9999	-0.767176	0.0178336	0.574209	
-0.999933	-0.000480025	-0.0115339	0.000572497	-0.999968	-0.00801545	-0.0115297	-0.00802152	0.999901	-0.767176	0.0178307	0.574249	
-0.999934	-0.000495695	-0.0115015	0.000587009	-0.999968	-0.00793727	-0.0114972	-0.0079435	0.999902	-0.767176	0.017828	0.57429	
-0.999934	-0.00051056	-0.011471	0.000600758	-0.999969	-0.007861	-0.0114667	-0.00786738	0.999903	-0.767175	0.0178253	0.574331	
-0.999934	-0.00052457	-0.0114425	0.000613693	-0.999969	-0.00778664	-0.011438	-0.00779315	0.999904	-0.767174	0.0178227	0.574373	
-0.999935	-0.000537679	-0.0114159	0.000625768	-0.99997	-0.0077142	-0.0114114	-0.00772084	0.999905	-0.767173	0.0178201	0.574416	
-0.999935	-0.000549848	-0.0113912	0.000636943	-0.999971	-0.00764367	-0.0113866	-0.00765043	0.999906	-0.767171	0.0178175	0.57446	
-0.999935	-0.000561042	-0.0113684	0.000647185	-0.999971	-0.00757506	-0.0113639	-0.00758193	0.999907	-0.767169	0.0178151	0.574504	
-0.999935	-0.000571238	-0.0113476	0.000656466	-0.999972	-0.00750835	-0.011343	-0.00751531	0.999907	-0.767167	0.0178126	0.57455	
-0.999936	-0.000580417	-0.0113287	0.000664769	-0.999972	-0.00744352	-0.0113241	-0.00745057	0.999908	-0.767164	0.0178103	0.574596	
-0.999936	-0.000588567	-0.0113117	0.000672081	-0.999973	-0.00738057	-0.0113071	-0.0073877	0.999909	-0.767161	0.017808	0.574643	
-0.999936	-0.000595684	-0.0112967	0.000678398	-0.999973	-0.00731947	-0.011292	-0.00732667	0.999909	-0.767157	0.0178057	0.574691	
-0.999936	-0.000601772	-0.0112836	0.000683721	-0.999973	-0.00726021	-0.0112789	-0.00726746	0.99991	-0.767153	0.0178035	0.574739	
-0.999936	-0.000606838	-0.0112724	0.000688059	-0.999974	-0.00720275	-0.0112677	-0.00721005	0.999911	-0.767149	0.0178013	0.574789	
-0.999936	-0.000610898	-0.0112631	0.000691425	-0.999974	-0.00714709	-0.0112585	-0.00715442	0.999911	-0.767145	0.0177992	0.574839	
-0.999936	-0.00061397	-0.0112558	0.000693838	-0.999975	-0.00709317	-0.0112512	-0.00710053	0.999911	-0.76714	0.0177971	0.57489	
-0.999937	-0.000616078	-0.0112504	0.000695321	-0.999975	-0.00704099	-0.0112458	-0.00704837	0.999912	-0.767135	0.0177951	0.574942	
-0.999937	-0.00061725	-0.0112469	0.000695901	-0.999975	-0.00699051	-0.0112423	-0.0069979	0.999912	-0.767129	0.0177931	0.574994	
-0.999937	-0.000617518	-0.0112453	0.000695609	-0.999976	-0.0069417	-0.0112408	-0.00694909	0.999913	-0.767123	0.0177911	0.575047	
-0.999937	-0.000616915	-0.0112457	0.000694478	-0.999976	-0.00689454	-0.0112412	-0.00690191	0.999913	-0.767117	0.0177892	0.575102	
-0.999937	-0.000615477	-0.0112479	0.000692543	-0.999976	-0.00684898	-0.0112435	-0.00685633	0.999913	-0.76711	0.0177874	0.575156	
-0.999937	-0.000613244	-0.0112521	0.000689844	-0.999977	-0.006805	-0.0112477	-0.00681233	0.999914	-0.767104	0.0177856	0.575212	
-0.999936	-0.000610254	-0.0112582	0.000686418	-0.999977	-0.00676256	-0.0112538	-0.00676986	0.999914	-0.767097	0.0177838	0.575269	
-0.999936	-0.000606548	-0.0112662	0.000682305	-0.999977	-0.00672164	-0.0112619	-0.0067289	0.999914	-0.767089	0.0177821	0.575326	
-0.999936	-0.000602168	-0.0112761	0.000677547	-0.999977	-0.00668221	-0.0112719	-0.00668942	0.999914	-0.767082	0.0177804	0.575384	
-0.999936	-0.000597155	-0.011288	0.000672185	-0.999978	-0.00664423	-0.0112837	-0.00665139	0.999914	-0.767074	0.0177788	0.575443	
-0.999936	-0.000591551	-0.0113017	0.000666258	-0.999978	-0.00660767	-0.0112975	-0.00661477	0.999914	-0.767065	0.0177772	0.575502	
-0.999936	-0.000585396	-0.0113173	0.000659809	-0.999978	-0.0065725	-0.0113132	-0.00657954	0.999914	-0.767057	0.0177757	0.575563	
-0.999936	-0.000578733	-0.0113349	0.000652877	-0.999978	-0.00653869	-0.0113309	-0.00654567	0.999914	-0.767048	0.0177742	0.575624	
-0.999935	-0.000571599	-0.0113543	0.000645502	-0.999979	-0.00650621	-0.0113504	-0.00651311	0.999914	-0.767039	0.0177727	0.575686	
-0.999935	-0.000564036	-0.0113757	0.000637723	-0.999979	-0.00647502	-0.0113718	-0.00648186	0.999914	-0.76703	0.0177713	0.575748	
-0.999935	-0.000556079	-0.0113989	0.000629576	-0.999979	-0.00644511	-0.0113951	-0.00645187	0.999914	-0.76702	0.0177699	0.575812	
-0.999935	-0.000547767	-0.0114241	0.000621099	-0.999979	-0.00641644	-0.0114204	-0.00642312	0.999914	-0.767011	0.0177686	0.575876	
-0.999934	-0.000539135	-0.0114512	0.000612326	-0.999979	-0.00638899	-0.0114475	-0.00639558	0.999914	-0.767001	0.0177673	0.575941	
-0.999934	-0.000530217	-0.0114801	0.000603291	-0.99998	-0.00636272	-0.0114765	-0.00636923	0.999914	-0.76699	0.0177661	0.576006	
-0.999934	-0.000521045	-0.011511	0.000594026	-0.99998	-0.00633761	-0.0115074	-0.00634403	0.999914	-0.76698	0.0177649	0.576073	
-0.999933	-0.00051165	-0.0115437	0.000584562	-0.99998	-0.00631363	-0.0115403	-0.00631996	0.999913	-0.766969	0.0177637	0.57614	
-0.999933	-0.000502062	-0.0115784	0.000574928	-0.99998	-0.00629077	-0.011575	-0.006297	0.999913	-0.766959	0.0177626	0.576208	
-0.999932	-0.000492309	-0.0116149	0.000565151	-0.99998	-0.00626898	-0.0116116	-0.00627512	0.999913	-0.766948	0.0177615	0.576276	
-0.999932	-0.000482417	-0.0116533	0.000555258	-0.99998	-0.00624825	-0.0116501	-0.00625429	0.999913	-0.766936	0.0177604	0.576346	
-0.999932	-0.000472411	-0.0116937	0.000545274	-0.99998	-0.00622855	-0.0116905	-0.0062345	0.999912	-0.766925	0.0177594	0.576416	
-0.999931	-0.000462315	-0.0117359	0.000535221	-0.999981	-0.00620986	-0.0117328	-0.00621571	0.999912	-0.766913	0.0177584	0.576487	
-0.999931	-0.000452149	-0.01178	0.000525121	-0.999981	-0.00619216	-0.0117769	-0.00619792	0.999911	-0.766902	0.0177575	0.576558	
-0.99993	-0.000441935	-0.011826	0.000514993	-0.999981	-0.00617543	-0.011823	-0.00618109	0.999911	-0.76689	0.0177566	0.576631	
-0.999929	-0.00043169	-0.0118739	0.000504856	-0.999981	-0.00615964	-0.011871	-0.0061652	0.999911	-0.766878	0.0177557	0.576704	
-0.999929	-0.000421433	-0.0119236	0.000494729	-0.999981	-0.00614477	-0.0119208	-0.00615023	0.99991	-0.766865	0.0177549	0.576778	
-0.999928	-0.000411179	-0.0119753	0.000484625	-0.999981	-0.0061308	-0.0119726	-0.00613617	0.999909	-0.766853	0.0177541	0.576852	
-0.999928	-0.000400943	-0.0120289	0.00047456	-0.999981	-0.00611772	-0.0120262	-0.00612299	0.999909	-0.76684	0.0177534	0.576928	
-0.999927	-0.000390739	-0.0120843	0.000464546	-0.999981	-0.0061055	-0.0120817	-0.00611067	0.999908	-0.766828	0.0177526	0.577004	
-0.999926	-0.000380577	-0.0121416	0.000454597	-0.999981	-0.00609413	-0.0121391	-0.0060992	0.999908	-0.766815	0.0177519	0.57708	
-0.999925	-0.00037047	-0.0122009	0.000444722	-0.999981	-0.00608358	-0.0121984	-0.00608855	0.999907	-0.766802	0.0177513	0.577158	
-0.999925	-0.000360427	-0.012262	0.000434931	-0.999981	-0.00607384	-0.0122596	-0.00607872	0.999906	-0.766789	0.0177507	0.577236	
-0.999924	-0.000350457	-0.012325	0.000425233	-0.999982	-0.00606489	-0.0123226	-0.00606967	0.999906	-0.766775	0.0177501	0.577315	
-0.999923	-0.000340568	-0.0123899	0.000415636	-0.999982	-0.00605672	-0.0123876	-0.00606141	0.999905	-0.766762	0.0177495	0.577395	
-0.999922	-0.000330766	-0.0124566	0.000406146	-0.999982	-0.00604931	-0.0124544	-0.0060539	0.999904	-0.766749	0.017749	0.577475	
-0.999922	-0.000321058	-0.0125253	0.000396769	-0.999982	-0.00604264	-0.0125231	-0.00604714	0.999903	-0.766735	0.0177485	0.577556	
-0.999921	-0.000311448	-0.0125959	0.000387511	-0.999982	-0.0060367	-0.0125937	-0.0060411	0.999902	-0.766721	0.0177481	0.577638	
-0.99992	-0.000301941	-0.0126683	0.000378374	-0.999982	-0.00603148	-0.0126662	-0.00603579	0.999902	-0.766708	0.0177477	0.577721	
-0.999919	-0.00029254	-0.0127426	0.000369364	-0.999982	-0.00602695	-0.0127406	-0.00603117	0.999901	-0.766694	0.0177473	0.577804	
-0.999918	-0.000283248	-0.0128188	0.000360482	-0.999982	-0.00602311	-0.0128169	-0.00602724	0.9999	-0.76668	0.0177469	0.577888	
-0.999917	-0.000274067	-0.0128969	0.00035173	-0.999982	-0.00601994	-0.0128951	-0.00602398	0.999899	-0.766666	0.0177466	0.577973	
-0.999916	-0.000264999	-0.0129769	0.000343111	-0.999982	-0.00601743	-0.0129751	-0.00602138	0.999898	-0.766651	0.0177462	0.578058	
-0.999915	-0.000256045	-0.0130588	0.000334625	-0.999982	-0.00601557	-0.013057	-0.00601942	0.999897	-0.766637	0.017746	0.578144	
-0.999914	-0.000247206	-0.0131426	0.000326273	-0.999982	-0.00601434	-0.0131409	-0.00601811	0.999896	-0.766623	0.0177457	0.578231	
-0.999912	-0.00023848	-0.0132282	0.000318055	-0.999982	-0.00601373	-0.0132266	-0.00601741	0.999894	-0.766608	0.0177455	0.578319	
-0.999911	-0.000229869	-0.0133158	0.00030997	-0.999982	-0.00601373	-0.0133142	-0.00601733	0.999893	-0.766594	0.0177453	0.578407	
-0.99991	-0.000221371	-0.0134052	0.000302018	-0.999982	-0.00601433	-0.0134037	-0.00601784	0.999892	-0.76658	0.0177451	0.578496	
-0.999909	-0.000212985	-0.0134966	0.000294197	-0.999982	-0.00601552	-0.013495	-0.00601895	0.999891	-0.766565	0.017745	0.578586	
-0.999908	-0.000204709	-0.0135898	0.000286506	-0.999982	-0.00601729	-0.0135883	-0.00602063	0.99989	-0.76655	0.0177449	0.578676	
-0.999906	-0.000196542	-0.0136849	0.000278943	-0.999982	-0.00601963	-0.0136835	-0.00602288	0.999888	-0.766536	0.0177448	0.578767	
-0.999905	-0.000188482	-0.0137819	0.000271506	-0.999982	-0.00602252	-0.0137806	-0.00602569	0.999887	-0.766521	0.0177447	0.578859	
-0.999904	-0.000180526	-0.0138808	0.000264193	-0.999982	-0.00602595	-0.0138795	-0.00602904	0.999885	-0.766506	0.0177447	0.578952	
-0.999902	-0.000172672	-0.0139816	0.000257002	-0.999982	-0.00602993	-0.0139804	-0.00603293	0.999884	-0.766491	0.0177446	0.579045	
-0.999901	-0.000164916	-0.0140843	0.000249929	-0.999982	-0.00603443	-0.0140831	-0.00603736	0.999883	-0.766476	0.0177446	0.579139	
-0.999899	-0.000157258	-0.0141889	0.000242973	-0.999982	-0.00603946	-0.0141877	-0.0060423	0.999881	-0.766461	0.0177447	0.579234	
-0.999898	-0.000149692	-0.0142954	0.000236129	-0.999982	-0.00604499	-0.0142943	-0.00604775	0.99988	-0.766446	0.0177447	0.579329	
-0.999896	-0.000142216	-0.0144038	0.000229395	-0.999982	-0.00605103	-0.0144027	-0.00605371	0.999878	-0.766431	0.0177448	0.579426	
-0.999895	-0.000134827	-0.0145141	0.000222768	-0.999982	-0.00605756	-0.014513	-0.00606016	0.999876	-0.766416	0.0177449	0.579522	
-0.999893	-0.000127521	-0.0146263	0.000216244	-0.999982	-0.00606458	-0.0146253	-0.00606709	0.999875	-0.766401	0.017745	0.57962	
-0.999891	-0.000120295	-0.0147404	0.00020982	-0.999982	-0.00607207	-0.0147394	-0.00607451	0.999873	-0.766386	0.0177451	0.579718	
-0.99989	-0.000113145	-0.0148564	0.000203493	-0.999981	-0.00608004	-0.0148554	-0.00608239	0.999871	-0.766371	0.0177453	0.579817	
-0.999888	-0.000106068	-0.0149743	0.000197259	-0.999981	-0.00608847	-0.0149734	-0.00609074	0.999869	-0.766356	0.0177454	0.579917	
-0.999886	-9.90608e-05	-0.0150941	0.000191115	-0.999981	-0.00609736	-0.0150932	-0.00609955	0.999867	-0.766341	0.0177456	0.580017	
-0.999884	-9.21187e-05	-0.0152158	0.000185057	-0.999981	-0.00610669	-0.0152149	-0.0061088	0.999866	-0.766326	0.0177458	0.580119	
-0.999882	-8.52386e-05	-0.0153394	0.000179081	-0.999981	-0.00611647	-0.0153386	-0.0061185	0.999864	-0.76631	0.0177461	0.58022	
-0.99988	-7.84167e-05	-0.0154649	0.000173185	-0.999981	-0.00612668	-0.0154642	-0.00612863	0.999862	-0.766295	0.0177463	0.580323	
-0.999878	-7.16495e-05	-0.0155923	0.000167364	-0.999981	-0.00613733	-0.0155916	-0.00613919	0.99986	-0.76628	0.0177466	0.580426	
-0.999876	-6.49334e-05	-0.0157217	0.000161615	-0.999981	-0.00614839	-0.015721	-0.00615018	0.999858	-0.766265	0.0177469	0.58053	
-0.999874	-5.82647e-05	-0.0158529	0.000155935	-0.999981	-0.00615988	-0.0158523	-0.00616158	0.999855	-0.76625	0.0177472	0.580635	
-0.999872	-5.16398e-05	-0.0159861	0.000150321	-0.999981	-0.00617178	-0.0159855	-0.00617339	0.999853	-0.766234	0.0177475	0.58074	
-0.99987	-4.50552e-05	-0.0161212	0.000144768	-0.999981	-0.00618408	-0.0161206	-0.00618561	0.999851	-0.766219	0.0177478	0.580846	
-0.999868	-3.85074e-05	-0.0162581	0.000139273	-0.999981	-0.00619678	-0.0162576	-0.00619822	0.999849	-0.766204	0.0177482	0.580953	
-0.999866	-3.1993e-05	-0.016397	0.000133834	-0.999981	-0.00620988	-0.0163965	-0.00621124	0.999846	-0.766189	0.0177486	0.581061	
-0.999863	-2.55084e-05	-0.0165379	0.000128447	-0.999981	-0.00622336	-0.0165374	-0.00622463	0.999844	-0.766173	0.017749	0.581169	
-0.999861	-1.90503e-05	-0.0166806	0.000123108	-0.999981	-0.00623723	-0.0166801	-0.00623842	0.999841	-0.766158	0.0177494	0.581278	
-0.999858	-1.26154e-05	-0.0168252	0.000117815	-0.99998	-0.00625148	-0.0168248	-0.00625258	0.999839	-0.766143	0.0177498	0.581387	
-0.999856	-6.20042e-06	-0.0169718	0.000112564	-0.99998	-0.00626611	-0.0169714	-0.00626711	0.999836	-0.766128	0.0177502	0.581498	
-0.999853	-1.7873e-06	-0.0171203	0.000109333	-0.99998	-0.00628082	-0.0171199	-0.00628177	0.999834	-0.766112	0.0177507	0.581609	
-0.999851	-1.78737e-06	-0.0172705	0.000110531	-0.99998	-0.00629555	-0.0172701	-0.00629652	0.999831	-0.766097	0.0177513	0.58172	
-0.999848	-1.78647e-06	-0.0174226	0.000111751	-0.99998	-0.00631062	-0.0174223	-0.00631161	0.999828	-0.766082	0.0177519	0.581833	
-0.999846	-1.78554e-06	-0.0175767	0.000112993	-0.99998	-0.00632603	-0.0175763	-0.00632703	0.999826	-0.766067	0.0177525	0.581946	
-0.999843	-1.78458e-06	-0.0177326	0.000114258	-0.99998	-0.00634177	-0.0177322	-0.0063428	0.999823	-0.766052	0.0177532	0.58206	
-0.99984	-1.78359e-06	-0.0178904	0.000115546	-0.99998	-0.00635784	-0.01789	-0.00635889	0.99982	-0.766037	0.0177538	0.582174	
-0.999837	-1.78258e-06	-0.0180501	0.000116857	-0.99998	-0.00637424	-0.0180497	-0.00637532	0.999817	-0.766021	0.0177545	0.582289	
-0.999834	-1.78155e-06	-0.0182117	0.000118191	-0.99998	-0.00639097	-0.0182113	-0.00639206	0.999814	-0.766006	0.0177551	0.582405	
-0.999831	-1.78048e-06	-0.0183752	0.000119549	-0.999979	-0.00640802	-0.0183748	-0.00640913	0.999811	-0.765991	0.0177558	0.582522	
-0.999828	-1.77939e-06	-0.0185405	0.00012093	-0.999979	-0.00642538	-0.0185401	-0.00642652	0.999807	-0.765976	0.0177565	0.582639	
-0.999825	-1.77828e-06	-0.0187078	0.000122335	-0.999979	-0.00644306	-0.0187074	-0.00644422	0.999804	-0.765961	0.0177572	0.582757	
-0.999822	-1.77713e-06	-0.0188769	0.000123764	-0.999979	-0.00646104	-0.0188765	-0.00646223	0.999801	-0.765946	0.0177579	0.582876	
-0.999819	-1.77596e-06	-0.019048	0.000125217	-0.999979	-0.00647934	-0.0190475	-0.00648055	0.999798	-0.765931	0.0177586	0.582996	
-0.999815	-1.77476e-06	-0.0192209	0.000126694	-0.999979	-0.00649794	-0.0192204	-0.00649917	0.999794	-0.765916	0.0177594	0.583116	
-0.999812	-1.77353e-06	-0.0193957	0.000128196	-0.999979	-0.00651684	-0.0193952	-0.0065181	0.999791	-0.765901	0.0177601	0.583237	
-0.999808	-1.77227e-06	-0.0195724	0.000129723	-0.999979	-0.00653604	-0.0195719	-0.00653732	0.999787	-0.765886	0.0177609	0.583358	
-0.999805	-1.77098e-06	-0.0197509	0.000131274	-0.999979	-0.00655553	-0.0197505	-0.00655684	0.999783	-0.765871	0.0177617	0.583481	
-0.999801	-1.76967e-06	-0.0199314	0.000132851	-0.999978	-0.00657532	-0.0199309	-0.00657666	0.99978	-0.765856	0.0177625	0.583604	
-0.999798	-1.76833e-06	-0.0201137	0.000134453	-0.999978	-0.0065954	-0.0201133	-0.00659677	0.999776	-0.765841	0.0177633	0.583727	
-0.999794	-1.76695e-06	-0.0202979	0.000136081	-0.999978	-0.00661576	-0.0202975	-0.00661716	0.999772	-0.765826	0.0177641	0.583852	
-0.99979	-1.76555e-06	-0.020484	0.000137735	-0.999978	-0.00663641	-0.0204836	-0.00663784	0.999768	-0.765811	0.0177649	0.583977	
-0.999786	-1.76412e-06	-0.020672	0.000139415	-0.999978	-0.00665734	-0.0206716	-0.0066588	0.999764	-0.765796	0.0177658	0.584103	
-0.999782	-1.76266e-06	-0.0208619	0.00014112	-0.999978	-0.00667855	-0.0208614	-0.00668004	0.99976	-0.765781	0.0177666	0.584229	
-0.999778	-1.76117e-06	-0.0210536	0.000142853	-0.999978	-0.00670004	-0.0210531	-0.00670156	0.999756	-0.765766	0.0177675	0.584356	
-0.999774	-1.75965e-06	-0.0212472	0.000144612	-0.999977	-0.0067218	-0.0212467	-0.00672336	0.999752	-0.765751	0.0177683	0.584484	
-0.99977	-1.7581e-06	-0.0214427	0.000146398	-0.999977	-0.00674384	-0.0214422	-0.00674542	0.999747	-0.765737	0.0177692	0.584613	
-0.999766	-1.75652e-06	-0.0216401	0.000148211	-0.999977	-0.00676614	-0.0216396	-0.00676776	0.999743	-0.765722	0.0177701	0.584742	
-0.999761	-1.75492e-06	-0.0218393	0.000150052	-0.999977	-0.00678871	-0.0218388	-0.00679037	0.999738	-0.765707	0.017771	0.584873	
-0.999757	-1.75328e-06	-0.0220404	0.00015192	-0.999977	-0.00681155	-0.0220399	-0.00681324	0.999734	-0.765692	0.0177719	0.585003	
-0.999753	-1.75161e-06	-0.0222434	0.000153815	-0.999977	-0.00683464	-0.0222429	-0.00683637	0.999729	-0.765678	0.0177728	0.585135	
-0.999748	-1.74991e-06	-0.0224483	0.000155739	-0.999976	-0.006858	-0.0224477	-0.00685977	0.999724	-0.765663	0.0177738	0.585267	
-0.999743	-1.74818e-06	-0.022655	0.000157692	-0.999976	-0.00688162	-0.0226544	-0.00688342	0.99972	-0.765648	0.0177747	0.5854	
-0.999739	-1.74642e-06	-0.0228636	0.000159672	-0.999976	-0.00690549	-0.022863	-0.00690733	0.999715	-0.765633	0.0177757	0.585533	
-0.999734	-1.74463e-06	-0.023074	0.000161682	-0.999976	-0.00692961	-0.0230735	-0.0069315	0.99971	-0.765619	0.0177766	0.585668	
-0.999729	-1.74281e-06	-0.0232864	0.00016372	-0.999976	-0.00695399	-0.0232858	-0.00695592	0.999705	-0.765604	0.0177776	0.585803	
-0.999724	-1.74095e-06	-0.0235005	0.000165788	-0.999976	-0.00697862	-0.0235	-0.00698059	0.999699	-0.76559	0.0177786	0.585939	
-0.999719	-1.73907e-06	-0.0237166	0.000167885	-0.999975	-0.00700349	-0.023716	-0.0070055	0.999694	-0.765575	0.0177796	0.586075	
-0.999714	-1.73716e-06	-0.0239345	0.000170012	-0.999975	-0.00702861	-0.0239339	-0.00703067	0.999689	-0.76556	0.0177806	0.586212	
-0.999708	-1.73521e-06	-0.0241542	0.000172169	-0.999975	-0.00705397	-0.0241536	-0.00705607	0.999683	-0.765546	0.0177816	0.58635	
-0.999703	-1.73324e-06	-0.0243758	0.000174356	-0.999975	-0.00707958	-0.0243752	-0.00708172	0.999678	-0.765531	0.0177826	0.586489	
-0.999697	-1.73123e-06	-0.0245993	0.000176573	-0.999975	-0.00710542	-0.0245987	-0.00710761	0.999672	-0.765517	0.0177836	0.586628	
-0.999692	-1.72919e-06	-0.0248246	0.000178821	-0.999975	-0.0071315	-0.024824	-0.00713374	0.999666	-0.765502	0.0177847	0.586768	
-0.999686	-1.72712e-06	-0.0250518	0.0001811	-0.999974	-0.00715782	-0.0250511	-0.00716011	0.999661	-0.765488	0.0177857	0.586909	
-0.99968	-1.72502e-06	-0.0252808	0.00018341	-0.999974	-0.00718437	-0.0252801	-0.00718671	0.999655	-0.765474	0.0177868	0.58705	
-0.999675	-1.72288e-06	-0.0255117	0.000185752	-0.999974	-0.00721116	-0.025511	-0.00721355	0.999649	-0.765459	0.0177878	0.587192	
-0.999669	-1.72072e-06	-0.0257444	0.000188125	-0.999974	-0.00723817	-0.0257437	-0.00724062	0.999642	-0.765445	0.0177889	0.587335	
-0.999662	-1.71852e-06	-0.0259789	0.000190531	-0.999974	-0.00726542	-0.0259782	-0.00726791	0.999636	-0.76543	0.01779	0.587478	
-0.999656	-1.71629e-06	-0.0262153	0.000192968	-0.999973	-0.00729289	-0.0262146	-0.00729544	0.99963	-0.765416	0.0177911	0.587623	
-0.99965	-1.71403e-06	-0.0264535	0.000195438	-0.999973	-0.00732058	-0.0264528	-0.00732319	0.999623	-0.765402	0.0177922	0.587768	
-0.999644	-1.71174e-06	-0.0266936	0.00019794	-0.999973	-0.0073485	-0.0266929	-0.00735117	0.999617	-0.765387	0.0177933	0.587913	
-0.999637	-1.70941e-06	-0.0269355	0.000200476	-0.999973	-0.00737665	-0.0269348	-0.00737937	0.99961	-0.765373	0.0177945	0.58806	
-0.999631	-1.70705e-06	-0.0271792	0.000203044	-0.999973	-0.00740501	-0.0271785	-0.0074078	0.999603	-0.765359	0.0177956	0.588207	
-0.999624	-1.70466e-06	-0.0274248	0.000205647	-0.999972	-0.0074336	-0.027424	-0.00743644	0.999596	-0.765344	0.0177967	0.588355	
-0.999617	-1.70224e-06	-0.0276721	0.000208283	-0.999972	-0.0074624	-0.0276714	-0.0074653	0.999589	-0.76533	0.0177979	0.588503	
-0.99961	-1.69978e-06	-0.0279213	0.000210952	-0.999972	-0.00749142	-0.0279205	-0.00749439	0.999582	-0.765316	0.017799	0.588652	
-0.999603	-1.6973e-06	-0.0281724	0.000213657	-0.999972	-0.00752065	-0.0281716	-0.00752368	0.999575	-0.765302	0.0178002	0.588802	
-0.999596	-1.69477e-06	-0.0284252	0.000216395	-0.999971	-0.0075501	-0.0284244	-0.0075532	0.999567	-0.765287	0.0178014	0.588953	
-0.999589	-1.69222e-06	-0.0286798	0.000219169	-0.999971	-0.00757975	-0.028679	-0.00758292	0.99956	-0.765273	0.0178026	0.589104	
-0.999581	-1.68963e-06	-0.0289363	0.000221977	-0.999971	-0.00760962	-0.0289355	-0.00761286	0.999552	-0.765259	0.0178037	0.589256	
-0.999574	-1.68701e-06	-0.0291946	0.000224821	-0.999971	-0.0076397	-0.0291937	-0.00764301	0.999545	-0.765245	0.0178049	0.589409	
-0.999566	-1.68436e-06	-0.0294547	0.0002277	-0.999971	-0.00766999	-0.0294538	-0.00767337	0.999537	-0.765231	0.0178062	0.589562	
-0.999558	-1.68167e-06	-0.0297165	0.000230615	-0.99997	-0.00770048	-0.0297156	-0.00770394	0.999529	-0.765217	0.0178074	0.589717	
-0.99955	-1.67895e-06	-0.0299802	0.000233566	-0.99997	-0.00773118	-0.0299793	-0.00773471	0.999521	-0.765202	0.0178086	0.589872	
-0.999542	-1.67619e-06	-0.0302457	0.000236554	-0.99997	-0.00776209	-0.0302448	-0.00776569	0.999512	-0.765188	0.0178098	0.590027	
-0.999534	-1.6734e-06	-0.030513	0.000239578	-0.99997	-0.00779319	-0.030512	-0.00779687	0.999504	-0.765174	0.0178111	0.590183	
-0.999526	-1.67058e-06	-0.030782	0.000242639	-0.999969	-0.0078245	-0.0307811	-0.00782826	0.999495	-0.76516	0.0178123	0.590341	
-0.999518	-1.66772e-06	-0.0310529	0.000245738	-0.999969	-0.00785601	-0.0310519	-0.00785985	0.999487	-0.765146	0.0178136	0.590498	
-0.999509	-1.66483e-06	-0.0313255	0.000248873	-0.999969	-0.00788771	-0.0313245	-0.00789164	0.999478	-0.765132	0.0178148	0.590657	
-0.999501	-1.6619e-06	-0.0315999	0.000252047	-0.999969	-0.00791962	-0.0315989	-0.00792363	0.999469	-0.765118	0.0178161	0.590816	
-0.999492	-1.65894e-06	-0.0318761	0.000255258	-0.999968	-0.00795172	-0.031875	-0.00795582	0.99946	-0.765104	0.0178174	0.590976	
-0.999483	-1.65595e-06	-0.032154	0.000258508	-0.999968	-0.00798402	-0.032153	-0.0079882	0.999451	-0.76509	0.0178187	0.591136	
-0.999474	-1.65292e-06	-0.0324337	0.000261796	-0.999968	-0.00801651	-0.0324327	-0.00802078	0.999442	-0.765076	0.01782	0.591298	
-0.999465	-1.64986e-06	-0.0327152	0.000265123	-0.999968	-0.00804919	-0.0327142	-0.00805356	0.999432	-0.765062	0.0178213	0.59146	
-0.999455	-1.64676e-06	-0.0329985	0.000268489	-0.999967	-0.00808207	-0.0329974	-0.00808653	0.999423	-0.765048	0.0178226	0.591622	
-0.999446	-1.64362e-06	-0.0332835	0.000271894	-0.999967	-0.00811514	-0.0332824	-0.00811969	0.999413	-0.765034	0.0178239	0.591786	
-0.999436	-1.64046e-06	-0.0335703	0.000275339	-0.999967	-0.0081484	-0.0335691	-0.00815305	0.999403	-0.765019	0.0178253	0.59195	
-0.999427	-1.63725e-06	-0.0338588	0.000278824	-0.999966	-0.00818184	-0.0338576	-0.00818659	0.999393	-0.765005	0.0178266	0.592115	
-0.999417	-1.63401e-06	-0.034149	0.000282349	-0.999966	-0.00821548	-0.0341478	-0.00822033	0.999383	-0.764991	0.0178279	0.592281	
-0.999407	-1.63074e-06	-0.034441	0.000285914	-0.999966	-0.0082493	-0.0344398	-0.00825425	0.999373	-0.764977	0.0178293	0.592447	
-0.999397	-1.62743e-06	-0.0347347	0.000289521	-0.999966	-0.00828331	-0.0347335	-0.00828836	0.999362	-0.764963	0.0178306	0.592614	
-0.999386	-1.56388e-06	-0.0350302	0.000293107	-0.999965	-0.0083175	-0.035029	-0.00832266	0.999352	-0.764949	0.017832	0.592782	
-0.999376	-1.21059e-06	-0.0353274	0.000296445	-0.999965	-0.00835186	-0.0353261	-0.00835711	0.999341	-0.764935	0.0178334	0.59295	
-0.999365	-3.50979e-07	-0.0356263	0.000299317	-0.999965	-0.00838638	-0.035625	-0.00839172	0.99933	-0.764921	0.0178348	0.593119	
-0.999354	1.18585e-06	-0.0359269	0.000301551	-0.999964	-0.00842105	-0.0359257	-0.00842645	0.999319	-0.764907	0.0178362	0.593289	
-0.999344	3.53241e-06	-0.0362293	0.000303017	-0.999964	-0.00845588	-0.036228	-0.0084613	0.999308	-0.764893	0.0178376	0.59346	
-0.999332	6.78898e-06	-0.0365333	0.000303613	-0.999964	-0.00849084	-0.0365321	-0.00849627	0.999296	-0.764879	0.0178391	0.593631	
-0.999321	1.10794e-05	-0.0368391	0.000303217	-0.999964	-0.00852599	-0.0368379	-0.00853137	0.999285	-0.764865	0.0178406	0.593803	
-0.99931	1.63424e-05	-0.0371466	0.000301888	-0.999963	-0.00856124	-0.0371454	-0.00856654	0.999273	-0.764851	0.0178421	0.593976	
-0.999298	2.2672e-05	-0.0374559	0.000299533	-0.999963	-0.00859663	-0.0374547	-0.00860181	0.999261	-0.764837	0.0178436	0.594149	
-0.999287	3.00836e-05	-0.0377668	0.000296138	-0.999963	-0.00863216	-0.0377656	-0.00863719	0.999249	-0.764823	0.0178452	0.594323	
