-0.985891	0.167386	-2.55657e-12	-0.167386	-0.985891	3.57301e-12	-1.9226e-12	3.95056e-12	1	-0.297719	0.0249641	0.744254	
-0.978168	0.207792	0.00302876	-0.20779	-0.978173	0.00093405	0.00315674	0.000284312	0.999995	-0.301692	0.0262829	0.747483	
-0.968768	0.247896	0.00593616	-0.247888	-0.968787	0.00206843	0.00626363	0.000532326	0.99998	-0.30572	0.0275462	0.750649	
-0.957703	0.287627	0.00871347	-0.287608	-0.957742	0.00339188	0.00932085	0.00074235	0.999956	-0.309801	0.0287526	0.753752	
-0.944986	0.326914	0.0113529	-0.326879	-0.945054	0.00489292	0.0123286	0.000912727	0.999924	-0.313936	0.0299008	0.756792	
-0.930635	0.365687	0.0138475	-0.365629	-0.930737	0.00655992	0.0152872	0.00104184	0.999883	-0.318122	0.0309892	0.759768	
-0.914671	0.403876	0.0161913	-0.40379	-0.914813	0.00838115	0.018197	0.0011281	0.999834	-0.32236	0.0320166	0.76268	
-0.897116	0.441412	0.0183792	-0.441292	-0.897304	0.0103449	0.0210581	0.00116997	0.999778	-0.326646	0.0329817	0.765529	
-0.878	0.478226	0.020407	-0.478066	-0.878236	0.0124394	0.023871	0.00116594	0.999714	-0.330982	0.033883	0.768313	
-0.85735	0.514252	0.0222711	-0.514045	-0.857638	0.0146532	0.026636	0.00111454	0.999645	-0.335364	0.0347194	0.771033	
-0.8352	0.549424	0.0239692	-0.549163	-0.835543	0.0169747	0.0293536	0.00101433	0.999569	-0.339793	0.0354895	0.773689	
-0.811586	0.583676	0.0254992	-0.583355	-0.811986	0.0193929	0.0320242	0.000863938	0.999487	-0.344267	0.0361922	0.77628	
-0.786546	0.616947	0.0268601	-0.616558	-0.787005	0.0218968	0.0346482	0.000661996	0.999399	-0.348784	0.0368262	0.778806	
-0.760123	0.649173	0.0280515	-0.648712	-0.760641	0.0244757	0.0372261	0.000407196	0.999307	-0.353343	0.0373904	0.781268	
-0.732361	0.680296	0.0290737	-0.679755	-0.732937	0.0271195	0.0397585	9.82632e-05	0.999209	-0.357943	0.0378836	0.783664	
-0.703305	0.710258	0.0299274	-0.709631	-0.703942	0.0298183	0.0422459	-0.000266035	0.999107	-0.362583	0.0383047	0.785995	
-0.673008	0.739002	0.0306141	-0.738284	-0.673703	0.0325628	0.0446888	-0.000686893	0.999001	-0.367262	0.0386527	0.788261	
-0.641519	0.766475	0.0311357	-0.76566	-0.642273	0.0353441	0.047088	-0.00116546	0.99889	-0.371977	0.0389264	0.790461	
-0.608895	0.792625	0.0314944	-0.791708	-0.609706	0.0381536	0.0494439	-0.00170286	0.998775	-0.376728	0.0391249	0.792595	
-0.575191	0.817405	0.0316931	-0.81638	-0.576059	0.0409836	0.0517573	-0.00230015	0.998657	-0.381512	0.0392472	0.794664	
-0.540467	0.840766	0.0317346	-0.839628	-0.54139	0.0438267	0.0540288	-0.00295837	0.998535	-0.38633	0.0392923	0.796666	
-0.504785	0.862666	0.0316224	-0.86141	-0.505761	0.046676	0.0562591	-0.00367851	0.998409	-0.391178	0.0392593	0.798603	
-0.468206	0.883063	0.0313599	-0.881684	-0.469234	0.0495253	0.0584491	-0.00446151	0.99828	-0.396056	0.0391473	0.800474	
-0.430796	0.901918	0.0309509	-0.900412	-0.431874	0.0523688	0.0605993	-0.00530828	0.998148	-0.400963	0.0389555	0.802278	
-0.392622	0.919198	0.0303991	-0.91756	-0.393748	0.0552015	0.0627106	-0.00621969	0.998012	-0.405896	0.038683	0.804016	
-0.353751	0.934868	0.0297084	-0.933093	-0.354923	0.0580186	0.0647839	-0.00719657	0.997873	-0.410854	0.038329	0.805688	
-0.314254	0.9489	0.0288825	-0.946985	-0.31547	0.060816	0.0668199	-0.00823968	0.997731	-0.415835	0.0378927	0.807293	
-0.2742	0.961267	0.0279254	-0.959207	-0.27546	0.0635902	0.0688194	-0.00934978	0.997585	-0.420839	0.0373735	0.808831	
-0.233663	0.971947	0.0268405	-0.969738	-0.234964	0.0663379	0.0707835	-0.0105276	0.997436	-0.425862	0.0367707	0.810303	
-0.192715	0.98092	0.0256315	-0.978557	-0.194055	0.0690566	0.072713	-0.0117737	0.997283	-0.430905	0.0360835	0.811707	
-0.15143	0.988169	0.0243017	-0.985648	-0.152808	0.071744	0.0746087	-0.0130887	0.997127	-0.435964	0.0353115	0.813045	
-0.109882	0.993682	0.022854	-0.990998	-0.111297	0.0743982	0.0764718	-0.0144733	0.996967	-0.441039	0.0344539	0.814316	
-0.0681474	0.997448	0.0212915	-0.994598	-0.0695967	0.0770178	0.078303	-0.0159279	0.996802	-0.446128	0.0335102	0.81552	
-0.0263003	0.999462	0.0196164	-0.99644	-0.0277831	0.0796014	0.0801036	-0.017453	0.996634	-0.451228	0.03248	0.816657	
0.0155832	0.99972	0.017831	-0.996521	0.0140681	0.0821483	0.0818744	-0.0190491	0.996461	-0.456339	0.0313628	0.817726	
0.0574274	0.998222	0.015937	-0.994842	0.0558813	0.0846576	0.0836166	-0.0207165	0.996283	-0.461459	0.030158	0.818728	
0.0991567	0.994974	0.013936	-0.991406	0.0975808	0.0871289	0.0853311	-0.0224556	0.9961	-0.466586	0.0288653	0.819663	
0.140696	0.989982	0.0118288	-0.986221	0.139091	0.0895617	0.0870192	-0.0242668	0.995911	-0.471717	0.0274844	0.82053	
0.18197	0.983257	0.00961614	-0.979297	0.180338	0.0919557	0.088682	-0.0261502	0.995717	-0.476853	0.0260148	0.82133	
0.222904	0.974813	0.00729814	-0.970647	0.221246	0.0943105	0.0903205	-0.0281061	0.995516	-0.481989	0.0244564	0.822063	
0.263426	0.964667	0.00487458	-0.960289	0.261742	0.0966258	0.0919359	-0.0301347	0.995309	-0.487126	0.0228088	0.822728	
0.258786	0.965899	0.00826667	-0.962124	0.256996	0.0909377	0.0857122	-0.0314869	0.995822	-0.500154	0.0248396	0.824501	
0.253984	0.967143	0.0112675	-0.96392	0.252144	0.0853296	0.0796848	-0.0325333	0.996289	-0.513043	0.0268282	0.825977	
0.249042	0.968393	0.0138711	-0.965673	0.247199	0.0797993	0.0738482	-0.0332683	0.996714	-0.525788	0.0287743	0.827158	
0.243979	0.969647	0.0160724	-0.96738	0.242176	0.0743447	0.0681957	-0.0336866	0.997103	-0.538381	0.0306777	0.828048	
0.238816	0.9709	0.0178672	-0.969037	0.237089	0.0689636	0.0627206	-0.0337836	0.997459	-0.550817	0.0325383	0.828651	
0.233574	0.972148	0.0192522	-0.970642	0.231952	0.0636539	0.0574154	-0.0335549	0.997786	-0.56309	0.0343559	0.82897	
0.228273	0.973387	0.0202249	-0.972193	0.22678	0.0584135	0.0522723	-0.0329968	0.998088	-0.575193	0.0361303	0.82901	
0.222934	0.974612	0.0207839	-0.973686	0.221587	0.05324	0.0472829	-0.032106	0.998365	-0.58712	0.0378615	0.828772	
0.217577	0.975819	0.0209282	-0.97512	0.216389	0.0481313	0.0424389	-0.0308798	0.998622	-0.598868	0.0395493	0.828262	
0.212222	0.977003	0.020658	-0.976493	0.2112	0.043085	0.0377312	-0.029316	0.998858	-0.610429	0.0411936	0.827483	
0.206889	0.978161	0.0199743	-0.977803	0.206035	0.0380985	0.0331511	-0.0274131	0.999074	-0.621799	0.0427943	0.826439	
0.201598	0.979286	0.0188789	-0.979048	0.20091	0.0331692	0.0286892	-0.0251702	0.999271	-0.632973	0.0443514	0.825133	
0.19637	0.980376	0.0173742	-0.980228	0.195839	0.0282943	0.0243365	-0.0225868	0.999449	-0.643946	0.0458646	0.82357	
0.191223	0.981425	0.0154638	-0.981341	0.190837	0.0234706	0.0200836	-0.0196634	0.999605	-0.654712	0.0473338	0.821753	
0.186178	0.982428	0.0131518	-0.982387	0.18592	0.0186951	0.0159214	-0.0164007	0.999739	-0.665267	0.0487589	0.819687	
0.181253	0.983381	0.0104432	-0.983365	0.181101	0.0139641	0.0118408	-0.0128005	0.999848	-0.675607	0.0501397	0.817374	
0.176467	0.984279	0.00734381	-0.984275	0.176397	0.009274	0.00783278	-0.00886488	0.99993	-0.685726	0.051476	0.81482	
0.171838	0.985118	0.0038603	-0.985117	0.17182	0.00462073	0.00388869	-0.00459687	0.999982	-0.69562	0.0527676	0.812027	
0.167386	0.985891	-4.44154e-13	-0.985891	0.167386	5.98333e-14	1.3338e-13	4.27855e-13	1	-0.705285	0.0540142	0.809	
