-1	-1.9191e-07	6.71075e-06	-1.91905e-07	1	7.27537e-07	-6.71075e-06	7.27535e-07	-1	-0.7769	0.00849966	0.602011	
-1	-2.48515e-06	7.2199e-05	-2.48442e-06	1	1.00772e-05	-7.21991e-05	1.0077e-05	-1	-0.776889	0.00849667	0.602121	
-1	-3.17357e-06	0.000135739	-3.17033e-06	1	2.38576e-05	-0.000135739	2.38572e-05	-1	-0.776865	0.00849424	0.602232	
-1	-2.64793e-06	0.000197329	-2.63963e-06	1	4.20724e-05	-0.000197329	4.20719e-05	-1	-0.77683	0.00849207	0.602344	
-1	-1.2354e-06	0.000256967	-1.21877e-06	1	6.47249e-05	-0.000256967	6.47246e-05	-1	-0.776786	0.00848994	0.602457	
-1	7.90396e-07	0.00031465	8.19287e-07	1	9.18184e-05	-0.00031465	9.18187e-05	-1	-0.776735	0.00848762	0.602571	
-1	3.20098e-06	0.000370376	3.24667e-06	1	0.000123356	-0.000370376	0.000123357	-1	-0.776678	0.00848497	0.602686	
-1	5.80583e-06	0.000424144	5.87342e-06	1	0.000159342	-0.000424143	0.000159344	-1	-0.776616	0.00848183	0.602803	
-1	8.44638e-06	0.000475949	8.54146e-06	1	0.000199777	-0.000475948	0.000199781	-1	-0.77655	0.00847809	0.60292	
-1	1.09909e-05	0.000525791	1.11196e-05	1	0.000244667	-0.000525789	0.000244673	-1	-0.776481	0.00847365	0.603039	
-1	1.33303e-05	0.000573667	1.34989e-05	1	0.000294013	-0.000573663	0.00029402	-1	-0.776409	0.00846843	0.603158	
-1	1.53743e-05	0.000619574	1.55898e-05	1	0.000347818	-0.000619569	0.000347828	-1	-0.776336	0.00846236	0.603279	
-1	1.70487e-05	0.000663509	1.73181e-05	1	0.000406086	-0.000663502	0.000406097	-1	-0.776261	0.00845539	0.603401	
-1	1.82924e-05	0.000705471	1.86231e-05	1	0.000468818	-0.000705462	0.000468831	-1	-0.776185	0.00844747	0.603524	
-1	1.90557e-05	0.000745455	1.94552e-05	1	0.000536019	-0.000745445	0.000536033	-1	-0.776108	0.00843856	0.603648	
-1	1.9298e-05	0.00078346	1.97741e-05	1	0.00060769	-0.000783449	0.000607705	-1	-0.77603	0.00842862	0.603773	
-1	1.89866e-05	0.000819483	1.9547e-05	1	0.000683834	-0.00081947	0.00068385	-0.999999	-0.775952	0.00841764	0.6039	
-1	1.80952e-05	0.000853521	1.87477e-05	1	0.000764455	-0.000853507	0.00076447	-0.999999	-0.775874	0.0084056	0.604027	
-1	1.66032e-05	0.000885571	1.73555e-05	1	0.000849554	-0.000885557	0.000849569	-0.999999	-0.775795	0.00839247	0.604156	
-1	1.4494e-05	0.00091563	1.53539e-05	1	0.000939133	-0.000915616	0.000939147	-0.999999	-0.775717	0.00837824	0.604285	
-1	1.17552e-05	0.000943696	1.27302e-05	0.999999	0.0010332	-0.000943683	0.00103321	-0.999999	-0.775638	0.00836291	0.604416	
-1	8.37708e-06	0.000969765	9.47461e-06	0.999999	0.00113175	-0.000969755	0.00113175	-0.999999	-0.775559	0.00834645	0.604548	
-1	4.35272e-06	0.000993834	5.57989e-06	0.999999	0.00123478	-0.000993828	0.00123479	-0.999999	-0.775481	0.00832887	0.604681	
-0.999999	-3.22831e-07	0.0010159	1.04083e-06	0.999999	0.00134231	-0.0010159	0.00134231	-0.999999	-0.775403	0.00831016	0.604815	
-0.999999	-5.65281e-06	0.00103596	-4.14617e-06	0.999999	0.00145434	-0.00103597	0.00145433	-0.999998	-0.775325	0.00829032	0.60495	
-0.999999	-1.16391e-05	0.00105401	-9.98334e-06	0.999999	0.00157085	-0.00105403	0.00157084	-0.999998	-0.775247	0.00826933	0.605086	
-0.999999	-1.82823e-05	0.00107005	-1.64719e-05	0.999999	0.00169187	-0.00107008	0.00169185	-0.999998	-0.775169	0.0082472	0.605224	
-0.999999	-2.55824e-05	0.00108408	-2.36121e-05	0.999998	0.00181739	-0.00108412	0.00181736	-0.999998	-0.775091	0.00822393	0.605362	
-0.999999	-3.35384e-05	0.00109608	-3.14038e-05	0.999998	0.00194741	-0.00109615	0.00194737	-0.999998	-0.775014	0.00819951	0.605502	
-0.999999	-4.21488e-05	0.00110607	-3.9846e-05	0.999998	0.00208193	-0.00110615	0.00208189	-0.999997	-0.774937	0.00817394	0.605642	
-0.999999	-5.14119e-05	0.00111402	-4.89376e-05	0.999998	0.00222096	-0.00111414	0.00222091	-0.999997	-0.774859	0.00814722	0.605784	
-0.999999	-6.13254e-05	0.00111995	-5.86771e-05	0.999997	0.0023645	-0.0011201	0.00236444	-0.999997	-0.774782	0.00811935	0.605927	
-0.999999	-7.18867e-05	0.00112385	-6.90628e-05	0.999997	0.00251256	-0.00112403	0.00251248	-0.999996	-0.774705	0.00809034	0.606071	
-0.999999	-8.30933e-05	0.00112572	-8.00929e-05	0.999996	0.00266512	-0.00112593	0.00266503	-0.999996	-0.774629	0.00806016	0.606217	
-0.999999	-9.49424e-05	0.00112554	-9.17655e-05	0.999996	0.00282221	-0.0011258	0.0028221	-0.999995	-0.774552	0.00802884	0.606363	
-0.999999	-0.000107431	0.00112332	-0.000104079	0.999996	0.00298381	-0.00112364	0.00298369	-0.999995	-0.774475	0.00799636	0.60651	
-0.999999	-0.000120556	0.00111906	-0.000117031	0.999995	0.00314992	-0.00111943	0.00314979	-0.999994	-0.774398	0.00796273	0.606659	
-0.999999	-0.000134316	0.00111274	-0.00013062	0.999994	0.00332057	-0.00111318	0.00332042	-0.999994	-0.774322	0.00792794	0.606808	
-0.999999	-0.000148706	0.00110438	-0.000144844	0.999994	0.00349573	-0.00110489	0.00349557	-0.999993	-0.774245	0.007892	0.606959	
-0.999999	-0.000163724	0.00109395	-0.000159702	0.999993	0.00367542	-0.00109455	0.00367525	-0.999993	-0.774168	0.0078549	0.607111	
-0.999999	-0.000179368	0.00108147	-0.000175193	0.999993	0.00385964	-0.00108215	0.00385945	-0.999992	-0.774091	0.00781664	0.607264	
-0.999999	-0.000195634	0.00106692	-0.000191313	0.999992	0.00404839	-0.0010677	0.00404818	-0.999991	-0.774015	0.00777722	0.607418	
-0.999999	-0.00021252	0.0010503	-0.000208063	0.999991	0.00424167	-0.00105119	0.00424145	-0.99999	-0.773938	0.00773663	0.607573	
-0.999999	-0.000230024	0.00103161	-0.000225442	0.99999	0.00443948	-0.00103262	0.00443924	-0.99999	-0.773861	0.00769489	0.60773	
-0.999999	-0.000248142	0.00101085	-0.000243447	0.999989	0.00464183	-0.00101199	0.00464158	-0.999989	-0.773784	0.00765198	0.607887	
-0.999999	-0.000266873	0.000988005	-0.000262079	0.999988	0.00484871	-0.000989287	0.00484845	-0.999988	-0.773707	0.00760791	0.608046	
-0.999999	-0.000286214	0.000963077	-0.000281337	0.999987	0.00506013	-0.000964513	0.00505986	-0.999987	-0.773629	0.00756267	0.608205	
-1	-0.000306162	0.000936061	-0.000301219	0.999986	0.00527609	-0.000937663	0.00527581	-0.999986	-0.773552	0.00751625	0.608366	
-1	-0.000326716	0.000906953	-0.000321727	0.999985	0.0054966	-0.000908735	0.0054963	-0.999984	-0.773474	0.00746867	0.608528	
-1	-0.000347874	0.00087575	-0.000342858	0.999984	0.00572164	-0.000877726	0.00572134	-0.999983	-0.773397	0.00741991	0.608691	
-1	-0.000369633	0.000842446	-0.000364613	0.999982	0.00595123	-0.000844631	0.00595092	-0.999982	-0.773319	0.00736998	0.608855	
-1	-0.000391992	0.000807038	-0.000386993	0.999981	0.00618537	-0.000809447	0.00618505	-0.999981	-0.773241	0.00731887	0.609021	
-1	-0.000414948	0.000769522	-0.000409997	0.999979	0.00642405	-0.000772172	0.00642373	-0.999979	-0.773162	0.00726658	0.609187	
-1	-0.000438501	0.000729894	-0.000433625	0.999978	0.00666728	-0.000732801	0.00666696	-0.999978	-0.773084	0.0072131	0.609354	
-1	-0.000462647	0.000688148	-0.000457877	0.999976	0.00691506	-0.000691331	0.00691475	-0.999976	-0.773005	0.00715844	0.609523	
-1	-0.000487386	0.000644281	-0.000482755	0.999974	0.0071674	-0.000647758	0.00716708	-0.999974	-0.772926	0.00710259	0.609693	
-1	-0.000512715	0.000598288	-0.000508259	0.999972	0.00742428	-0.000602078	0.00742398	-0.999972	-0.772847	0.00704555	0.609864	
-1	-0.000538634	0.000550166	-0.00053439	0.99997	0.00768572	-0.000554289	0.00768543	-0.99997	-0.772767	0.00698732	0.610036	
-1	-0.000565141	0.000499909	-0.000561148	0.999968	0.00795172	-0.000504387	0.00795144	-0.999968	-0.772688	0.00692788	0.610209	
-1	-0.000592234	0.000447512	-0.000588534	0.999966	0.00822227	-0.000452367	0.008222	-0.999966	-0.772608	0.00686725	0.610383	
-1	-0.000619911	0.000392973	-0.00061655	0.999964	0.00849738	-0.000398226	0.00849713	-0.999964	-0.772527	0.00680541	0.610558	
-1	-0.000648173	0.000336285	-0.000645196	0.999961	0.00877705	-0.000341961	0.00877683	-0.999961	-0.772447	0.00674236	0.610735	
-1	-0.000677017	0.000277444	-0.000674475	0.999959	0.00906127	-0.000283567	0.00906108	-0.999959	-0.772366	0.00667811	0.610912	
-1	-0.000706442	0.000216446	-0.000704387	0.999956	0.00935006	-0.000223041	0.0093499	-0.999956	-0.772285	0.00661264	0.611091	
-1	-0.000736447	0.000153285	-0.000734934	0.999953	0.00964341	-0.00016038	0.00964329	-0.999953	-0.772203	0.00654595	0.61127	
-1	-0.00076703	8.79576e-05	-0.000766118	0.99995	0.00994132	-9.55785e-05	0.00994125	-0.999951	-0.772122	0.00647804	0.611451	
-1	-0.000798192	2.04584e-05	-0.00079794	0.999947	0.0102438	-2.86338e-05	0.0102438	-0.999948	-0.772039	0.00640891	0.611633	
-0.999999	-0.00107976	1.02127e-05	-0.0010796	0.999946	0.0103491	-2.13868e-05	0.0103491	-0.999946	-0.771985	0.00637551	0.611739	
-0.999999	-0.00162125	9.19201e-05	-0.00162024	0.999947	0.0101445	-0.000108362	0.0101443	-0.999949	-0.771975	0.00640349	0.611725	
-0.999998	-0.00202368	0.00017311	-0.00202186	0.999949	0.00994394	-0.000193224	0.00994357	-0.999951	-0.771965	0.0064357	0.611711	
-0.999997	-0.00231207	0.000253477	-0.00230949	0.99995	0.00974753	-0.000276001	0.00974692	-0.999952	-0.771956	0.00647124	0.611699	
-0.999997	-0.00250732	0.00033277	-0.00250402	0.999951	0.00955522	-0.000356712	0.00955435	-0.999954	-0.771947	0.00650935	0.611687	
-0.999996	-0.00262691	0.000410788	-0.00262295	0.999953	0.00936701	-0.000435375	0.0093659	-0.999956	-0.771937	0.0065494	0.611677	
-0.999996	-0.00268543	0.000487363	-0.00268084	0.999954	0.0091829	-0.000512001	0.00918156	-0.999958	-0.771929	0.00659087	0.611668	
-0.999996	-0.00269502	0.000562362	-0.00268985	0.999956	0.0090029	-0.0005866	0.00900135	-0.999959	-0.77192	0.00663332	0.611659	
-0.999996	-0.00266579	0.000635676	-0.00266007	0.999958	0.008827	-0.00065918	0.00882528	-0.999961	-0.771912	0.00667638	0.611652	
-0.999996	-0.00260611	0.000707217	-0.00259989	0.999959	0.00865521	-0.000729745	0.00865334	-0.999962	-0.771904	0.00671974	0.611645	
-0.999997	-0.00252294	0.000776915	-0.00251625	0.999961	0.00848754	-0.000798298	0.00848556	-0.999964	-0.771896	0.00676314	0.61164	
-0.999997	-0.00242199	0.000844712	-0.00241488	0.999962	0.00832399	-0.000864841	0.00832192	-0.999965	-0.771888	0.00680638	0.611635	
-0.999997	-0.002308	0.000910564	-0.00230049	0.999964	0.00816457	-0.000929375	0.00816245	-0.999966	-0.77188	0.00684928	0.611631	
-0.999997	-0.00218484	0.000974435	-0.00217696	0.999966	0.00800928	-0.000991901	0.00800714	-0.999967	-0.771872	0.00689169	0.611629	
-0.999997	-0.00205565	0.0010363	-0.00204744	0.999967	0.00785814	-0.00105242	0.00785599	-0.999969	-0.771865	0.00693349	0.611627	
-0.999998	-0.00192301	0.00109613	-0.00191451	0.999968	0.00771114	-0.00111092	0.00770902	-0.99997	-0.771857	0.00697457	0.611626	
-0.999998	-0.001789	0.00115391	-0.00178022	0.99997	0.0075683	-0.00116741	0.00756623	-0.999971	-0.77185	0.00701486	0.611626	
-0.999998	-0.00165527	0.00120963	-0.00164624	0.999971	0.00742962	-0.00122189	0.00742761	-0.999972	-0.771843	0.00705429	0.611627	
-0.999998	-0.00152314	0.00126328	-0.00151389	0.999972	0.00729511	-0.00127435	0.00729318	-0.999973	-0.771835	0.00709279	0.61163	
-0.999998	-0.00139365	0.00131485	-0.0013842	0.999973	0.00716478	-0.0013248	0.00716294	-0.999973	-0.771828	0.00713033	0.611633	
-0.999998	-0.00126759	0.00136433	-0.00125796	0.999974	0.00703862	-0.00137322	0.00703689	-0.999974	-0.771821	0.00716685	0.611637	
-0.999998	-0.00114557	0.00141173	-0.00113578	0.999975	0.00691665	-0.00141962	0.00691504	-0.999975	-0.771814	0.00720234	0.611642	
-0.999998	-0.00102803	0.00145703	-0.0010181	0.999976	0.00679888	-0.00146399	0.00679739	-0.999976	-0.771806	0.00723677	0.611648	
-0.999998	-0.000915282	0.00150025	-0.000905233	0.999977	0.0066853	-0.00150633	0.00668393	-0.999977	-0.771799	0.00727011	0.611655	
-0.999998	-0.000807536	0.00154137	-0.000797384	0.999978	0.00657593	-0.00154664	0.00657469	-0.999977	-0.771792	0.00730235	0.611663	
-0.999999	-0.000704911	0.00158039	-0.00069467	0.999979	0.00647077	-0.00158492	0.00646966	-0.999978	-0.771785	0.00733348	0.611671	
-0.999999	-0.000607454	0.00161733	-0.000597141	0.99998	0.00636982	-0.00162116	0.00636884	-0.999978	-0.771777	0.00736349	0.611681	
-0.999999	-0.00051516	0.00165217	-0.000504787	0.99998	0.00627308	-0.00165537	0.00627224	-0.999979	-0.77177	0.00739236	0.611692	
-0.999998	-0.000427978	0.00168491	-0.000417556	0.999981	0.00618057	-0.00168753	0.00617986	-0.999979	-0.771763	0.0074201	0.611704	
-0.999998	-0.00034582	0.00171557	-0.000335362	0.999981	0.00609229	-0.00171764	0.00609171	-0.99998	-0.771755	0.0074467	0.611717	
-0.999998	-0.000268574	0.00174413	-0.00025809	0.999982	0.00600824	-0.00174572	0.00600779	-0.99998	-0.771747	0.00747215	0.611731	
-0.999998	-0.000196107	0.00177061	-0.000185607	0.999982	0.00592843	-0.00177174	0.00592809	-0.999981	-0.77174	0.00749646	0.611745	
-0.999998	-0.000128271	0.00179499	-0.000117763	0.999983	0.00585286	-0.00179571	0.00585264	-0.999981	-0.771732	0.00751961	0.611761	
-0.999998	-6.49081e-05	0.00181728	-5.44005e-05	0.999983	0.00578153	-0.00181763	0.00578143	-0.999982	-0.771724	0.00754162	0.611778	
-0.999998	-5.8526e-06	0.00183749	4.64774e-06	0.999984	0.00571446	-0.00183749	0.00571445	-0.999982	-0.771716	0.00756248	0.611796	
-0.999998	4.90641e-05	0.0018556	5.95506e-05	0.999984	0.00565163	-0.00185529	0.00565173	-0.999982	-0.771708	0.00758219	0.611814	
-0.999998	4.1491e-05	0.00187898	5.1928e-05	0.999985	0.0055549	-0.00187872	0.00555499	-0.999983	-0.771706	0.00760773	0.611819	
-0.999998	3.24351e-05	0.00190233	4.28067e-05	0.999985	0.00545227	-0.00190212	0.00545234	-0.999983	-0.771706	0.00763449	0.61182	
-0.999998	3.53835e-05	0.00192368	4.56822e-05	0.999986	0.00535384	-0.00192347	0.00535391	-0.999984	-0.771706	0.0076606	0.611823	
-0.999998	3.90884e-05	0.0019428	4.92991e-05	0.999986	0.00525591	-0.00194256	0.00525599	-0.999984	-0.771694	0.00770817	0.611825	
-0.999998	2.75525e-05	0.00194886	3.76099e-05	0.999987	0.0051608	-0.00194869	0.00516086	-0.999985	-0.771616	0.00787149	0.611827	
-0.999998	3.40219e-06	0.00194151	1.32432e-05	0.999987	0.00506874	-0.00194147	0.00506876	-0.999985	-0.771481	0.00813666	0.61183	
-0.999998	-2.92091e-05	0.00192162	-1.96395e-05	0.999988	0.00497983	-0.00192174	0.00497978	-0.999986	-0.771302	0.00847939	0.611832	
-0.999998	-6.71926e-05	0.00188987	-5.79426e-05	0.999988	0.00489412	-0.00189018	0.004894	-0.999986	-0.771092	0.00887964	0.611835	
-0.999998	-0.000108273	0.00184679	-9.93854e-05	0.999988	0.00481165	-0.00184729	0.00481146	-0.999987	-0.770859	0.00932096	0.611838	
-0.999998	-0.000150792	0.00179277	-0.000142307	0.999989	0.00473248	-0.00179346	0.00473221	-0.999987	-0.770612	0.00978988	0.611841	
-0.999998	-0.000193564	0.0017281	-0.000185515	0.999989	0.00465662	-0.00172899	0.00465629	-0.999988	-0.770357	0.0102755	0.611845	
-0.999999	-0.000235753	0.00165303	-0.000228173	0.999989	0.00458409	-0.00165409	0.00458371	-0.999988	-0.7701	0.0107689	0.611848	
-0.999999	-0.000276788	0.0015677	-0.000269708	0.99999	0.00451491	-0.00156894	0.00451449	-0.999989	-0.769843	0.011263	0.611852	
-0.999999	-0.000316296	0.00147225	-0.000309743	0.99999	0.0044491	-0.00147364	0.00444864	-0.999989	-0.769592	0.0117522	0.611856	
-0.999999	-0.000354045	0.00136674	-0.000348046	0.99999	0.00438665	-0.00136828	0.00438617	-0.999989	-0.769347	0.0122321	0.61186	
-0.999999	-0.000389827	0.00125131	-0.000384408	0.999991	0.00432759	-0.00125299	0.0043271	-0.99999	-0.769112	0.0126993	0.611864	
-0.999999	-0.000423778	0.00112585	-0.000418965	0.999991	0.00427189	-0.00112765	0.00427142	-0.99999	-0.768887	0.0131511	0.611868	
-0.999999	-0.000455793	0.000990447	-0.00045161	0.999991	0.00421958	-0.000992361	0.00421913	-0.999991	-0.768675	0.0135856	0.611872	
-1	-0.000485912	0.000845112	-0.000482383	0.999991	0.00417065	-0.000847131	0.00417024	-0.999991	-0.768475	0.0140016	0.611877	
-1	-0.000514117	0.000689915	-0.000511266	0.999991	0.00412511	-0.000692029	0.00412475	-0.999991	-0.768288	0.0143981	0.611881	
-1	-0.000540665	0.000524707	-0.000538518	0.999992	0.00408294	-0.00052691	0.00408266	-0.999992	-0.768115	0.0147745	0.611886	
-1	-0.00056554	0.00034955	-0.000564121	0.999992	0.00404416	-0.000351834	0.00404396	-0.999992	-0.767956	0.0151308	0.611891	
-1	-0.000587252	0.000165555	-0.000586584	0.999992	0.00400888	-0.000167908	0.00400878	-0.999992	-0.767809	0.0154669	0.611896	
-1	-0.000599015	-2.14931e-05	-0.000599096	0.999992	0.0039777	1.91102e-05	0.00397771	-0.999992	-0.767675	0.0157829	0.611902	
-1	-0.000602085	-0.000210801	-0.000602913	0.999992	0.00395071	0.000208421	0.00395083	-0.999992	-0.767551	0.0160793	0.611909	
-1	-0.00059845	-0.000402382	-0.000600026	0.999992	0.0039279	0.000400028	0.00392815	-0.999992	-0.767437	0.0163564	0.611917	
-1	-0.000589752	-0.000596245	-0.000592078	0.999992	0.0039093	0.000593935	0.00390965	-0.999992	-0.767334	0.0166149	0.611926	
-1	-0.000577341	-0.000792399	-0.000580423	0.999992	0.00389488	0.000790145	0.00389534	-0.999992	-0.767241	0.0168553	0.611935	
-0.999999	-0.000562326	-0.000990854	-0.000566171	0.999992	0.00388466	0.000988662	0.00388522	-0.999992	-0.767157	0.0170784	0.611946	
-0.999999	-0.00054561	-0.00119161	-0.000550228	0.999992	0.00387864	0.00118949	0.00387929	-0.999992	-0.767083	0.0172847	0.611957	
-0.999999	-0.000527928	-0.00139469	-0.000533332	0.999992	0.00387681	0.00139263	0.00387755	-0.999992	-0.767018	0.0174751	0.61197	
-0.999999	-0.000509875	-0.00160008	-0.000516078	0.999992	0.00387918	0.00159809	0.00388	-0.999991	-0.76696	0.0176502	0.611983	
-0.999998	-0.000491924	-0.0018078	-0.000498946	0.999992	0.00388574	0.00180587	0.00388663	-0.999991	-0.766911	0.0178108	0.611997	
-0.999998	-0.000474454	-0.00201784	-0.000482314	0.999992	0.00389649	0.00201597	0.00389746	-0.99999	-0.76687	0.0179576	0.612012	
-0.999997	-0.000457762	-0.00223021	-0.000466483	0.999992	0.00391145	0.00222841	0.00391248	-0.99999	-0.766835	0.0180912	0.612028	
-0.999997	-0.000442076	-0.00244493	-0.000451684	0.999992	0.00393059	0.00244317	0.00393169	-0.999989	-0.766808	0.0182124	0.612045	
-0.999996	-0.000427573	-0.00266198	-0.000438096	0.999992	0.00395394	0.00266027	0.00395509	-0.999989	-0.766786	0.0183218	0.612063	
-0.999996	-0.00041438	-0.00288137	-0.00042585	0.999992	0.00398148	0.0028797	0.00398269	-0.999988	-0.766771	0.0184201	0.612082	
-0.999995	-0.000402589	-0.00310311	-0.000415041	0.999992	0.00401322	0.00310147	0.00401449	-0.999987	-0.766762	0.0185078	0.612102	
-0.999994	-0.000392263	-0.00332721	-0.000405735	0.999992	0.00404915	0.00332559	0.00405048	-0.999986	-0.766758	0.0185856	0.612122	
-0.999994	-0.000383439	-0.00355365	-0.00039797	0.999992	0.00408929	0.00355205	0.00409067	-0.999985	-0.766758	0.018654	0.612144	
-0.999993	-0.000376134	-0.00378245	-0.000391768	0.999991	0.00413362	0.00378087	0.00413507	-0.999984	-0.766764	0.0187135	0.612166	
-0.999992	-0.000370349	-0.00401361	-0.000387135	0.999991	0.00418215	0.00401203	0.00418367	-0.999983	-0.766774	0.0187647	0.61219	
-0.999991	-0.000366075	-0.00424714	-0.000384062	0.999991	0.00423488	0.00424555	0.00423647	-0.999982	-0.766788	0.018808	0.612214	
-0.99999	-0.000363291	-0.00448303	-0.000382532	0.999991	0.00429181	0.00448143	0.00429348	-0.999981	-0.766806	0.0188439	0.612239	
-0.999989	-0.00036197	-0.00472128	-0.000382522	0.99999	0.00435295	0.00471966	0.0043547	-0.999979	-0.766828	0.0188728	0.612266	
-0.999988	-0.000362077	-0.00496191	-0.000384001	0.99999	0.00441828	0.00496026	0.00442013	-0.999978	-0.766853	0.0188952	0.612293	
-0.999986	-0.000363576	-0.00520491	-0.000386936	0.99999	0.00448783	0.00520323	0.00448978	-0.999976	-0.766881	0.0189114	0.612321	
-0.999985	-0.000366427	-0.00545029	-0.00039129	0.99999	0.00456157	0.00544856	0.00456364	-0.999975	-0.766912	0.0189218	0.61235	
-0.999984	-0.000370587	-0.00569805	-0.000397025	0.999989	0.00463953	0.00569627	0.00464172	-0.999973	-0.766945	0.0189267	0.61238	
-0.999982	-0.000376013	-0.00594819	-0.000404102	0.999989	0.00472169	0.00594635	0.00472401	-0.999971	-0.766982	0.0189265	0.612411	
-0.999981	-0.000382664	-0.00620072	-0.00041248	0.999988	0.00480806	0.0061988	0.00481053	-0.999969	-0.76702	0.0189214	0.612443	
-0.999979	-0.000390494	-0.00645563	-0.000422122	0.999988	0.00489865	0.00645364	0.00490127	-0.999967	-0.767061	0.0189118	0.612475	
-0.999977	-0.000399462	-0.00671294	-0.000432988	0.999987	0.00499344	0.00671086	0.00499623	-0.999965	-0.767103	0.0188978	0.612509	
-0.999976	-0.000409527	-0.00697264	-0.00044504	0.999987	0.00509245	0.00697046	0.00509543	-0.999963	-0.767148	0.0188799	0.612544	
-0.999974	-0.000420647	-0.00723473	-0.000458243	0.999986	0.00519567	0.00723245	0.00519885	-0.99996	-0.767194	0.0188581	0.612579	
-0.999972	-0.000432784	-0.00749923	-0.00047256	0.999986	0.00530311	0.00749683	0.0053065	-0.999958	-0.767242	0.0188328	0.612616	
-0.99997	-0.0004459	-0.00776613	-0.00048796	0.999985	0.00541476	0.0077636	0.00541839	-0.999955	-0.767291	0.0188041	0.612654	
-0.999968	-0.000459959	-0.00803543	-0.00050441	0.999985	0.00553064	0.00803277	0.00553451	-0.999952	-0.767341	0.0187722	0.612692	
-0.999965	-0.000474927	-0.00830715	-0.000521879	0.999984	0.00565073	0.00830433	0.00565487	-0.99995	-0.767393	0.0187373	0.612731	
-0.999963	-0.00049077	-0.00858127	-0.000540339	0.999983	0.00577505	0.00857829	0.00577947	-0.999947	-0.767446	0.0186996	0.612772	
-0.999961	-0.000507457	-0.00885781	-0.000559763	0.999982	0.00590358	0.00885466	0.00590831	-0.999943	-0.767499	0.0186592	0.612813	
-0.999958	-0.000524959	-0.00913677	-0.000580127	0.999982	0.00603635	0.00913344	0.00604139	-0.99994	-0.767554	0.0186163	0.612855	
-0.999956	-0.000543247	-0.00941815	-0.000601405	0.999981	0.00617333	0.00941462	0.00617872	-0.999937	-0.767609	0.018571	0.612898	
-0.999953	-0.000562295	-0.00970196	-0.000623577	0.99998	0.00631455	0.00969821	0.0063203	-0.999933	-0.767665	0.0185235	0.612942	
-0.99995	-0.000582078	-0.00998819	-0.000646621	0.999979	0.00645999	0.00998422	0.00646612	-0.999929	-0.767722	0.0184738	0.612988	
-0.999947	-0.000602571	-0.0102768	-0.000670519	0.999978	0.00660966	0.0102726	0.0066162	-0.999925	-0.767779	0.0184221	0.613034	
-0.999944	-0.000623752	-0.0105679	-0.000695253	0.999977	0.00676356	0.0105635	0.00677053	-0.999921	-0.767837	0.0183684	0.613081	
-0.999941	-0.000598745	-0.0108198	-0.000673569	0.999976	0.00691316	0.0108154	0.00692004	-0.999918	-0.767884	0.0183154	0.613128	
-0.999941	-0.000419407	-0.0108975	-0.000496039	0.999975	0.00703037	0.0108942	0.00703536	-0.999916	-0.767885	0.018271	0.613176	
-0.99994	-0.000288053	-0.0109777	-0.000366573	0.999974	0.00715127	0.0109754	0.00715487	-0.999914	-0.767887	0.0182247	0.613225	
-0.999939	-0.000196216	-0.0110605	-0.000276703	0.999973	0.00727596	0.0110587	0.00727858	-0.999912	-0.767889	0.0181766	0.613275	
-0.999938	-0.000136807	-0.0111457	-0.000219345	0.999973	0.00740452	0.0111444	0.0074065	-0.99991	-0.767892	0.018127	0.613326	
-0.999937	-0.000103903	-0.0112333	-0.000188578	0.999972	0.00753699	0.0112322	0.00753864	-0.999908	-0.767895	0.0180758	0.613378	
-0.999936	-8.71535e-05	-0.0113183	-0.000174001	0.999971	0.00767242	0.0113173	0.00767389	-0.999907	-0.767897	0.0180234	0.613431	
-0.999935	-8.04706e-05	-0.0113965	-0.000169485	0.999969	0.00780993	0.0113955	0.00781136	-0.999905	-0.767897	0.0179702	0.613484	
-0.999934	-8.84647e-05	-0.0114745	-0.000179707	0.999968	0.00795098	0.0114734	0.00795252	-0.999903	-0.767897	0.0179159	0.613539	
-0.999933	-0.000108726	-0.0115529	-0.000202265	0.999967	0.00809567	0.0115516	0.00809747	-0.9999	-0.767897	0.0178603	0.613595	
-0.999932	-0.000139178	-0.0116321	-0.000235085	0.999966	0.00824413	0.0116305	0.00824631	-0.999898	-0.767896	0.0178037	0.613651	
-0.999931	-0.000178033	-0.0117123	-0.000276387	0.999965	0.00839645	0.0117104	0.00839911	-0.999896	-0.767895	0.0177459	0.613709	
-0.99993	-0.000223756	-0.0117939	-0.000324641	0.999963	0.00855272	0.0117916	0.00855595	-0.999894	-0.767894	0.0176871	0.613767	
-0.999929	-0.000275032	-0.0118772	-0.000378535	0.999962	0.00871301	0.0118744	0.00871689	-0.999892	-0.767892	0.0176272	0.613827	
-0.999928	-0.000330736	-0.0119625	-0.00043695	0.99996	0.00887741	0.0119591	0.008882	-0.999889	-0.767891	0.0175662	0.613888	
-0.999927	-0.000389905	-0.0120499	-0.000498928	0.999959	0.00904597	0.0120459	0.00905132	-0.999886	-0.767889	0.0175043	0.613949	
-0.999928	-1.5548e-05	-0.0120306	-0.000124182	0.999959	0.00902907	0.01203	0.00902991	-0.999887	-0.767878	0.0174975	0.613996	
-0.999928	0.000193459	-0.0120059	8.58445e-05	0.99996	0.0089633	0.0120072	0.00896162	-0.999888	-0.76787	0.0175025	0.614039	
-0.999928	0.00033529	-0.0119834	0.00022867	0.99996	0.00889758	0.0119859	0.0088942	-0.999889	-0.767862	0.0175057	0.614083	
-0.999928	0.000421174	-0.0119629	0.000315533	0.999961	0.00883123	0.0119662	0.00882682	-0.999889	-0.767854	0.0175077	0.614128	
-0.999929	0.000462449	-0.0119443	0.000357771	0.999962	0.00876449	0.0119479	0.00875959	-0.99989	-0.767846	0.0175086	0.614173	
-0.999929	0.000468499	-0.0119275	0.000364767	0.999962	0.00869756	0.0119311	0.00869259	-0.999891	-0.767839	0.0175088	0.614219	
-0.999929	0.000447071	-0.0119125	0.000344267	0.999963	0.00863061	0.0119159	0.0086259	-0.999892	-0.767832	0.0175083	0.614266	
-0.999929	0.00040455	-0.0118992	0.000302655	0.999963	0.00856379	0.0119022	0.00855958	-0.999893	-0.767824	0.0175074	0.614313	
-0.999929	0.000346182	-0.0118875	0.000245176	0.999964	0.00849722	0.01189	0.00849371	-0.999893	-0.767817	0.0175061	0.614361	
-0.999929	0.000276263	-0.0118776	0.000176126	0.999964	0.00843101	0.0118795	0.00842833	-0.999894	-0.767811	0.0175045	0.61441	
-0.99993	0.000198299	-0.0118692	9.90103e-05	0.999965	0.00836525	0.0118705	0.00836349	-0.999895	-0.767804	0.0175028	0.614459	
-0.99993	0.000115138	-0.0118625	1.66756e-05	0.999966	0.00830003	0.011863	0.00829925	-0.999895	-0.767797	0.0175009	0.614509	
-0.99993	2.90752e-05	-0.0118574	-6.8581e-05	0.999966	0.00823541	0.0118572	0.00823564	-0.999896	-0.76779	0.017499	0.614559	
-0.99993	-2.84321e-05	-0.011853	-0.000125199	0.999967	0.00816326	0.0118523	0.00816417	-0.999896	-0.767784	0.0174995	0.61461	
-0.99993	-7.39773e-05	-0.0118501	-0.000169854	0.999967	0.00808999	0.0118492	0.00809144	-0.999897	-0.767778	0.0175006	0.614661	
-0.99993	-0.000114856	-0.0118492	-0.000209871	0.999968	0.00801779	0.0118479	0.00801971	-0.999898	-0.767772	0.0175015	0.614713	
-0.99993	-0.00015187	-0.0118501	-0.000246053	0.999968	0.00794674	0.0118485	0.0079491	-0.999898	-0.767767	0.0175024	0.614765	
-0.99993	-0.000185653	-0.0118529	-0.000279032	0.999969	0.00787696	0.0118511	0.00787971	-0.999899	-0.767761	0.0175031	0.614818	
-0.99993	-0.000216698	-0.0118576	-0.000309303	0.999969	0.00780851	0.0118556	0.00781163	-0.999899	-0.767755	0.0175038	0.614872	
-0.99993	-0.000245385	-0.0118643	-0.000337248	0.99997	0.00774148	0.011862	0.00774494	-0.9999	-0.767749	0.0175045	0.614927	
-0.999929	-0.000272006	-0.0118728	-0.000363159	0.99997	0.00767593	0.0118704	0.0076797	-0.9999	-0.767743	0.0175051	0.614983	
-0.999929	-0.000296784	-0.0118833	-0.000387258	0.999971	0.0076119	0.0118807	0.00761597	-0.9999	-0.767737	0.0175057	0.615039	
-0.999929	-0.000319884	-0.0118957	-0.00040971	0.999971	0.00754946	0.011893	0.00755379	-0.999901	-0.767731	0.0175062	0.615096	
-0.999929	-0.000341429	-0.0119101	-0.00043064	0.999972	0.00748862	0.0119072	0.00749321	-0.999901	-0.767725	0.0175067	0.615154	
-0.999929	-0.000361509	-0.0119265	-0.000450138	0.999972	0.00742942	0.0119234	0.00743426	-0.999901	-0.767719	0.0175072	0.615213	
-0.999929	-0.00038019	-0.0119447	-0.000468268	0.999973	0.00737188	0.0119416	0.00737694	-0.999901	-0.767712	0.0175076	0.615272	
-0.999928	-0.00039752	-0.011965	-0.00048508	0.999973	0.00731601	0.0119618	0.00732129	-0.999902	-0.767706	0.017508	0.615332	
-0.999928	-0.000413535	-0.0119872	-0.000500609	0.999974	0.00726182	0.0119839	0.0072673	-0.999902	-0.767699	0.0175084	0.615393	
-0.999928	-0.000428262	-0.0120114	-0.000514882	0.999974	0.00720932	0.012008	0.00721498	-0.999902	-0.767692	0.0175087	0.615455	
-0.999927	-0.000441724	-0.0120375	-0.000527921	0.999974	0.0071585	0.012034	0.00716434	-0.999902	-0.767686	0.017509	0.615518	
-0.999927	-0.000453939	-0.0120656	-0.000539745	0.999975	0.00710936	0.012062	0.00711536	-0.999902	-0.767679	0.0175093	0.615581	
-0.999927	-0.000464926	-0.0120956	-0.000550372	0.999975	0.00706189	0.012092	0.00706803	-0.999902	-0.767672	0.0175096	0.615645	
-0.999926	-0.000474705	-0.0121276	-0.000559823	0.999975	0.00701607	0.012124	0.00702235	-0.999902	-0.767664	0.0175098	0.61571	
-0.999926	-0.000483296	-0.0121616	-0.000568116	0.999976	0.0069719	0.012158	0.00697829	-0.999902	-0.767657	0.01751	0.615776	
-0.999925	-0.000490722	-0.0121976	-0.000575275	0.999976	0.00692935	0.0121939	0.00693585	-0.999902	-0.76765	0.0175102	0.615842	
-0.999925	-0.000497009	-0.0122355	-0.000581324	0.999976	0.0068884	0.0122318	0.00689499	-0.999901	-0.767642	0.0175103	0.61591	
-0.999925	-0.000502184	-0.0122754	-0.000586291	0.999976	0.00684902	0.0122716	0.0068557	-0.999901	-0.767634	0.0175104	0.615978	
-0.999924	-0.000506278	-0.0123172	-0.000590206	0.999977	0.00681121	0.0123135	0.00681796	-0.999901	-0.767627	0.0175105	0.616047	
-0.999923	-0.000509324	-0.012361	-0.000593102	0.999977	0.00677492	0.0123573	0.00678173	-0.999901	-0.767619	0.0175106	0.616116	
-0.999923	-0.000511357	-0.0124067	-0.000595014	0.999977	0.00674014	0.012403	0.006747	-0.9999	-0.767611	0.0175107	0.616187	
-0.999922	-0.000512413	-0.0124545	-0.000595978	0.999977	0.00670683	0.0124507	0.00671373	-0.9999	-0.767602	0.0175107	0.616258	
-0.999922	-0.000512534	-0.0125041	-0.000596034	0.999978	0.00667497	0.0125004	0.0066819	-0.9999	-0.767594	0.0175107	0.61633	
-0.999921	-0.000511758	-0.0125558	-0.000595221	0.999978	0.00664453	0.0125521	0.00665148	-0.999899	-0.767586	0.0175107	0.616403	
-0.99992	-0.000510127	-0.0126094	-0.00059358	0.999978	0.00661548	0.0126057	0.00662244	-0.999899	-0.767577	0.0175107	0.616476	
-0.99992	-0.000507685	-0.0126649	-0.000591155	0.999978	0.0065878	0.0126613	0.00659476	-0.999898	-0.767569	0.0175106	0.616551	
-0.999919	-0.000504474	-0.0127224	-0.000587988	0.999978	0.00656144	0.0127188	0.00656839	-0.999898	-0.76756	0.0175105	0.616626	
-0.999918	-0.000500537	-0.0127818	-0.000584121	0.999978	0.00653639	0.0127783	0.00654333	-0.999897	-0.767551	0.0175104	0.616702	
-0.999917	-0.000495918	-0.0128433	-0.000579599	0.999979	0.00651262	0.0128397	0.00651953	-0.999896	-0.767542	0.0175103	0.616778	
-0.999917	-0.00049066	-0.0129066	-0.000574463	0.999979	0.00649009	0.0129031	0.00649696	-0.999896	-0.767533	0.0175102	0.616856	
-0.999916	-0.000484805	-0.0129719	-0.000568755	0.999979	0.00646878	0.0129685	0.00647561	-0.999895	-0.767524	0.0175101	0.616934	
-0.999915	-0.000478396	-0.0130392	-0.000562519	0.999979	0.00644865	0.0130358	0.00645544	-0.999894	-0.767515	0.01751	0.617013	
-0.999914	-0.000471472	-0.0131084	-0.000555793	0.999979	0.00642969	0.0131051	0.00643642	-0.999893	-0.767506	0.0175098	0.617092	
-0.999913	-0.000464075	-0.0131795	-0.000548619	0.999979	0.00641186	0.0131763	0.00641853	-0.999893	-0.767497	0.0175096	0.617173	
-0.999912	-0.000456243	-0.0132526	-0.000541034	0.999979	0.00639514	0.0132494	0.00640174	-0.999892	-0.767488	0.0175095	0.617254	
-0.999911	-0.000448014	-0.0133276	-0.000533076	0.99998	0.00637949	0.0133245	0.00638603	-0.999891	-0.767478	0.0175093	0.617336	
-0.99991	-0.000439423	-0.0134046	-0.000524781	0.99998	0.0063649	0.0134016	0.00637136	-0.99989	-0.767469	0.0175091	0.617419	
-0.999909	-0.000430506	-0.0134836	-0.000516183	0.99998	0.00635134	0.0134806	0.00635772	-0.999889	-0.767459	0.0175089	0.617502	
-0.999908	-0.000421296	-0.0135644	-0.000507316	0.99998	0.00633878	0.0135615	0.00634508	-0.999888	-0.76745	0.0175087	0.617586	
-0.999907	-0.000411824	-0.0136472	-0.000498211	0.99998	0.0063272	0.0136444	0.00633341	-0.999887	-0.76744	0.0175085	0.617671	
-0.999906	-0.000402122	-0.013732	-0.000488899	0.99998	0.00631657	0.0137292	0.00632269	-0.999886	-0.76743	0.0175083	0.617757	
-0.999904	-0.000392217	-0.0138187	-0.000479407	0.99998	0.00630688	0.0138159	0.0063129	-0.999885	-0.767421	0.017508	0.617843	
-0.999903	-0.000382136	-0.0139073	-0.000469763	0.99998	0.0062981	0.0139046	0.00630402	-0.999883	-0.767411	0.0175078	0.61793	
-0.999902	-0.000371905	-0.0139979	-0.000459992	0.99998	0.0062902	0.0139953	0.00629602	-0.999882	-0.767401	0.0175076	0.618018	
-0.999901	-0.000361548	-0.0140904	-0.000450118	0.99998	0.00628317	0.0140879	0.00628889	-0.999881	-0.767392	0.0175074	0.618107	
-0.999899	-0.000351088	-0.0141849	-0.000440163	0.99998	0.00627699	0.0141824	0.0062826	-0.99988	-0.767382	0.0175071	0.618196	
-0.999898	-0.000340544	-0.0142813	-0.000430148	0.99998	0.00627163	0.0142789	0.00627713	-0.999878	-0.767372	0.0175069	0.618286	
-0.999897	-0.000329938	-0.0143796	-0.000420093	0.99998	0.00626708	0.0143773	0.00627247	-0.999877	-0.767362	0.0175067	0.618377	
-0.999895	-0.000319286	-0.0144799	-0.000410015	0.99998	0.00626331	0.0144776	0.00626859	-0.999876	-0.767352	0.0175064	0.618468	
-0.999894	-0.000308605	-0.0145821	-0.000399931	0.99998	0.00626032	0.0145799	0.00626548	-0.999874	-0.767343	0.0175062	0.618561	
-0.999892	-0.000297912	-0.0146863	-0.000389855	0.99998	0.00625807	0.0146841	0.00626312	-0.999873	-0.767333	0.0175059	0.618654	
-0.999891	-0.000287218	-0.0147924	-0.000379804	0.99998	0.00625656	0.0147903	0.00626149	-0.999871	-0.767323	0.0175057	0.618747	
-0.999889	-0.000276539	-0.0149004	-0.000369788	0.99998	0.00625577	0.0148984	0.00626058	-0.999869	-0.767313	0.0175055	0.618842	
-0.999887	-0.000265884	-0.0150104	-0.000359819	0.99998	0.00625567	0.0150084	0.00626037	-0.999868	-0.767303	0.0175052	0.618937	
-0.999886	-0.000255265	-0.0151223	-0.000349909	0.99998	0.00625626	0.0151204	0.00626084	-0.999866	-0.767294	0.017505	0.619033	
-0.999884	-0.000244691	-0.0152361	-0.000340066	0.99998	0.00625753	0.0152343	0.00626198	-0.999864	-0.767284	0.0175047	0.619129	
-0.999882	-0.000234171	-0.0153519	-0.000330299	0.99998	0.00625944	0.0153501	0.00626378	-0.999863	-0.767274	0.0175045	0.619227	
-0.99988	-0.000223711	-0.0154696	-0.000320616	0.99998	0.006262	0.0154679	0.00626621	-0.999861	-0.767264	0.0175043	0.619325	
-0.999878	-0.000213319	-0.0155893	-0.000311022	0.99998	0.00626519	0.0155877	0.00626927	-0.999859	-0.767255	0.017504	0.619423	
-0.999877	-0.000202999	-0.0157109	-0.000301524	0.99998	0.00626899	0.0157093	0.00627295	-0.999857	-0.767245	0.0175038	0.619523	
-0.999875	-0.000192758	-0.0158345	-0.000292127	0.99998	0.00627339	0.0158329	0.00627723	-0.999855	-0.767235	0.0175036	0.619623	
-0.999873	-0.000182599	-0.01596	-0.000282834	0.99998	0.00627838	0.0159585	0.00628209	-0.999853	-0.767226	0.0175033	0.619724	
-0.999871	-0.000172525	-0.0160874	-0.000273649	0.99998	0.00628395	0.016086	0.00628754	-0.999851	-0.767216	0.0175031	0.619826	
-0.999868	-0.000162539	-0.0162168	-0.000264576	0.99998	0.00629008	0.0162154	0.00629354	-0.999849	-0.767207	0.0175029	0.619928	
-0.999866	-0.000152644	-0.0163481	-0.000255615	0.99998	0.00629677	0.0163468	0.0063001	-0.999847	-0.767197	0.0175027	0.620031	
-0.999864	-0.00014284	-0.0164814	-0.000246769	0.99998	0.006304	0.0164801	0.00630721	-0.999844	-0.767188	0.0175024	0.620135	
-0.999862	-0.000133129	-0.0166166	-0.000238039	0.99998	0.00631176	0.0166154	0.00631485	-0.999842	-0.767179	0.0175022	0.620239	
-0.99986	-0.000123511	-0.0167537	-0.000229425	0.99998	0.00632005	0.0167526	0.00632301	-0.99984	-0.767169	0.017502	0.620344	
-0.999857	-0.000113986	-0.0168928	-0.000220927	0.99998	0.00632885	0.0168918	0.00633168	-0.999837	-0.76716	0.0175018	0.62045	
-0.999855	-0.000104554	-0.0170339	-0.000212546	0.99998	0.00633815	0.0170329	0.00634085	-0.999835	-0.767151	0.0175016	0.620557	
-0.999852	-9.52143e-05	-0.0171769	-0.00020428	0.99998	0.00634795	0.0171759	0.00635052	-0.999832	-0.767142	0.0175014	0.620664	
-0.99985	-8.59654e-05	-0.0173218	-0.000196129	0.99998	0.00635824	0.0173209	0.00636068	-0.99983	-0.767133	0.0175012	0.620772	
-0.999847	-7.68059e-05	-0.0174687	-0.000188091	0.99998	0.006369	0.0174679	0.00637131	-0.999827	-0.767124	0.0175009	0.620881	
-0.999845	-6.77343e-05	-0.0176176	-0.000180165	0.99998	0.00638023	0.0176168	0.00638241	-0.999824	-0.767115	0.0175007	0.620991	
-0.999842	-5.87483e-05	-0.0177683	-0.000172348	0.99998	0.00639192	0.0177676	0.00639398	-0.999822	-0.767106	0.0175005	0.621101	
-0.999839	-4.98458e-05	-0.0179211	-0.000164639	0.999979	0.00640407	0.0179204	0.00640599	-0.999819	-0.767097	0.0175003	0.621212	
-0.999837	-4.10243e-05	-0.0180758	-0.000157035	0.999979	0.00641666	0.0180752	0.00641845	-0.999816	-0.767088	0.0175001	0.621323	
-0.999834	-3.22812e-05	-0.0182325	-0.000149534	0.999979	0.00642969	0.0182319	0.00643135	-0.999813	-0.76708	0.0174999	0.621435	
-0.999831	-2.36136e-05	-0.0183911	-0.000142134	0.999979	0.00644316	0.0183905	0.00644468	-0.99981	-0.767071	0.0174997	0.621548	
-0.999828	-1.50185e-05	-0.0185517	-0.00013483	0.999979	0.00645705	0.0185512	0.00645844	-0.999807	-0.767063	0.0174995	0.621662	
-0.999825	-6.493e-06	-0.0187142	-0.000127621	0.999979	0.00647135	0.0187137	0.00647261	-0.999804	-0.767054	0.0174993	0.621777	
-0.999822	-4.50748e-06	-0.0188785	-0.000126962	0.999979	0.00648526	0.0188781	0.0064865	-0.999801	-0.767046	0.0174993	0.621892	
-0.999819	-4.50605e-06	-0.0190447	-0.000128311	0.999979	0.00649952	0.0190442	0.00650079	-0.999798	-0.767038	0.0174993	0.622007	
-0.999815	-4.505e-06	-0.0192128	-0.000129684	0.999979	0.00651417	0.0192124	0.00651546	-0.999794	-0.76703	0.0174993	0.622124	
-0.999812	-4.50395e-06	-0.0193828	-0.000131083	0.999979	0.00652919	0.0193824	0.0065305	-0.999791	-0.767022	0.0174993	0.622241	
-0.999809	-4.50287e-06	-0.0195548	-0.000132506	0.999979	0.00654457	0.0195543	0.00654591	-0.999787	-0.767014	0.0174993	0.622359	
-0.999805	-4.50179e-06	-0.0197287	-0.000133954	0.999978	0.00656032	0.0197282	0.00656168	-0.999784	-0.767006	0.0174993	0.622478	
-0.999802	-4.50068e-06	-0.0199044	-0.000135427	0.999978	0.00657641	0.019904	0.00657781	-0.99978	-0.766998	0.0174993	0.622597	
-0.999798	-4.49956e-06	-0.0200821	-0.000136926	0.999978	0.00659286	0.0200817	0.00659428	-0.999777	-0.76699	0.0174993	0.622717	
-0.999795	-4.49841e-06	-0.0202617	-0.00013845	0.999978	0.00660966	0.0202613	0.00661111	-0.999773	-0.766983	0.0174993	0.622838	
-0.999791	-4.49724e-06	-0.0204432	-0.00014	0.999978	0.0066268	0.0204428	0.00662828	-0.999769	-0.766975	0.0174993	0.622959	
-0.999787	-4.49605e-06	-0.0206267	-0.000141575	0.999978	0.00664428	0.0206262	0.00664578	-0.999765	-0.766968	0.0174993	0.623081	
-0.999783	-4.49483e-06	-0.020812	-0.000143177	0.999978	0.00666209	0.0208115	0.00666362	-0.999761	-0.76696	0.0174993	0.623204	
-0.999779	-4.49358e-06	-0.0209992	-0.000144805	0.999978	0.00668023	0.0209988	0.0066818	-0.999757	-0.766953	0.0174993	0.623327	
-0.999776	-4.49231e-06	-0.0211884	-0.00014646	0.999978	0.0066987	0.0211879	0.0067003	-0.999753	-0.766946	0.0174993	0.623452	
-0.999771	-4.491e-06	-0.0213795	-0.000148141	0.999977	0.0067175	0.0213789	0.00671913	-0.999749	-0.766939	0.0174993	0.623577	
-0.999767	-4.48967e-06	-0.0215724	-0.00014985	0.999977	0.00673661	0.0215719	0.00673828	-0.999745	-0.766932	0.0174993	0.623702	
-0.999763	-4.48831e-06	-0.0217673	-0.000151585	0.999977	0.00675605	0.0217668	0.00675775	-0.99974	-0.766925	0.0174993	0.623829	
-0.999759	-4.48692e-06	-0.0219641	-0.000153348	0.999977	0.0067758	0.0219635	0.00677754	-0.999736	-0.766918	0.0174993	0.623956	
-0.999754	-4.4855e-06	-0.0221627	-0.000155138	0.999977	0.00679587	0.0221622	0.00679764	-0.999731	-0.766911	0.0174993	0.624083	
-0.99975	-4.48405e-06	-0.0223633	-0.000156957	0.999977	0.00681624	0.0223628	0.00681805	-0.999727	-0.766905	0.0174993	0.624212	
-0.999745	-4.48257e-06	-0.0225658	-0.000158803	0.999977	0.00683692	0.0225652	0.00683877	-0.999722	-0.766898	0.0174993	0.624341	
-0.999741	-4.48106e-06	-0.0227701	-0.000160678	0.999976	0.00685791	0.0227696	0.00685979	-0.999717	-0.766892	0.0174993	0.624471	
-0.999736	-4.47951e-06	-0.0229764	-0.000162582	0.999976	0.0068792	0.0229758	0.00688112	-0.999712	-0.766885	0.0174993	0.624601	
-0.999731	-4.47794e-06	-0.0231846	-0.000164514	0.999976	0.00690079	0.023184	0.00690274	-0.999707	-0.766879	0.0174993	0.624733	
-0.999726	-4.47633e-06	-0.0233946	-0.000166475	0.999976	0.00692267	0.023394	0.00692467	-0.999702	-0.766873	0.0174993	0.624865	
-0.999721	-4.47469e-06	-0.0236066	-0.000168466	0.999976	0.00694485	0.023606	0.00694689	-0.999697	-0.766867	0.0174993	0.624997	
-0.999716	-4.47302e-06	-0.0238204	-0.000170486	0.999976	0.00696732	0.0238198	0.0069694	-0.999692	-0.766861	0.0174993	0.625131	
-0.999711	-4.47132e-06	-0.0240362	-0.000172536	0.999976	0.00699008	0.0240355	0.00699221	-0.999687	-0.766855	0.0174993	0.625265	
-0.999706	-4.46958e-06	-0.0242538	-0.000174616	0.999975	0.00701312	0.0242531	0.0070153	-0.999681	-0.766849	0.0174993	0.625399	
