-1	-1.9191e-07	6.71075e-06	1.91905e-07	-1	-7.27537e-07	6.71075e-06	-7.27535e-07	1	-0.7769	0.00849969	0.562011	
-1	-2.48515e-06	7.2199e-05	2.48442e-06	-1	-1.00772e-05	7.21991e-05	-1.0077e-05	1	-0.776892	0.00849707	0.562121	
-1	-3.17357e-06	0.000135739	3.17033e-06	-1	-2.38576e-05	0.000135739	-2.38572e-05	1	-0.77687	0.00849519	0.562232	
-1	-2.64793e-06	0.000197329	2.63963e-06	-1	-4.20724e-05	0.000197329	-4.20719e-05	1	-0.776838	0.00849375	0.562344	
-1	-1.2354e-06	0.000256967	1.21877e-06	-1	-6.47249e-05	0.000256967	-6.47246e-05	1	-0.776796	0.00849252	0.562457	
-1	7.90396e-07	0.00031465	-8.19287e-07	-1	-9.18184e-05	0.00031465	-9.18187e-05	1	-0.776747	0.0084913	0.562571	
-1	3.20098e-06	0.000370376	-3.24667e-06	-1	-0.000123356	0.000370376	-0.000123357	1	-0.776692	0.0084899	0.562686	
-1	5.80583e-06	0.000424144	-5.87342e-06	-1	-0.000159342	0.000424143	-0.000159344	1	-0.776633	0.00848821	0.562803	
-1	8.44638e-06	0.000475949	-8.54146e-06	-1	-0.000199777	0.000475948	-0.000199781	1	-0.776569	0.00848608	0.56292	
-1	1.09909e-05	0.000525791	-1.11196e-05	-1	-0.000244667	0.000525789	-0.000244673	1	-0.776502	0.00848344	0.563039	
-1	1.33303e-05	0.000573667	-1.34989e-05	-1	-0.000294013	0.000573663	-0.00029402	1	-0.776432	0.00848019	0.563158	
-1	1.53743e-05	0.000619574	-1.55898e-05	-1	-0.000347818	0.000619569	-0.000347828	1	-0.77636	0.00847628	0.563279	
-1	1.70487e-05	0.000663509	-1.73181e-05	-1	-0.000406086	0.000663502	-0.000406097	1	-0.776287	0.00847164	0.563401	
-1	1.82924e-05	0.000705471	-1.86231e-05	-1	-0.000468818	0.000705462	-0.000468831	1	-0.776213	0.00846622	0.563524	
-1	1.90557e-05	0.000745455	-1.94552e-05	-1	-0.000536019	0.000745445	-0.000536033	1	-0.776137	0.00846	0.563648	
-1	1.9298e-05	0.00078346	-1.97741e-05	-1	-0.00060769	0.000783449	-0.000607705	1	-0.776061	0.00845293	0.563773	
-1	1.89866e-05	0.000819483	-1.9547e-05	-1	-0.000683834	0.00081947	-0.00068385	0.999999	-0.775985	0.008445	0.5639	
-1	1.80952e-05	0.000853521	-1.87477e-05	-1	-0.000764455	0.000853507	-0.00076447	0.999999	-0.775908	0.00843618	0.564027	
-1	1.66032e-05	0.000885571	-1.73555e-05	-1	-0.000849554	0.000885557	-0.000849569	0.999999	-0.775831	0.00842645	0.564156	
-1	1.4494e-05	0.00091563	-1.53539e-05	-1	-0.000939133	0.000915616	-0.000939147	0.999999	-0.775753	0.00841581	0.564285	
-1	1.17552e-05	0.000943696	-1.27302e-05	-0.999999	-0.0010332	0.000943683	-0.00103321	0.999999	-0.775676	0.00840424	0.564416	
-1	8.37708e-06	0.000969765	-9.47461e-06	-0.999999	-0.00113175	0.000969755	-0.00113175	0.999999	-0.775598	0.00839172	0.564548	
-1	4.35272e-06	0.000993834	-5.57989e-06	-0.999999	-0.00123478	0.000993828	-0.00123479	0.999999	-0.775521	0.00837827	0.564681	
-0.999999	-3.22831e-07	0.0010159	-1.04083e-06	-0.999999	-0.00134231	0.0010159	-0.00134231	0.999999	-0.775443	0.00836386	0.564815	
-0.999999	-5.65281e-06	0.00103596	4.14617e-06	-0.999999	-0.00145434	0.00103597	-0.00145433	0.999998	-0.775366	0.00834849	0.56495	
-0.999999	-1.16391e-05	0.00105401	9.98334e-06	-0.999999	-0.00157085	0.00105403	-0.00157084	0.999998	-0.775289	0.00833216	0.565086	
-0.999999	-1.82823e-05	0.00107005	1.64719e-05	-0.999999	-0.00169187	0.00107008	-0.00169185	0.999998	-0.775212	0.00831487	0.565224	
-0.999999	-2.55824e-05	0.00108408	2.36121e-05	-0.999998	-0.00181739	0.00108412	-0.00181736	0.999998	-0.775135	0.00829662	0.565362	
-0.999999	-3.35384e-05	0.00109608	3.14038e-05	-0.999998	-0.00194741	0.00109615	-0.00194737	0.999998	-0.775058	0.0082774	0.565502	
-0.999999	-4.21488e-05	0.00110607	3.9846e-05	-0.999998	-0.00208193	0.00110615	-0.00208189	0.999997	-0.774981	0.00825721	0.565643	
-0.999999	-5.14119e-05	0.00111402	4.89376e-05	-0.999998	-0.00222096	0.00111414	-0.00222091	0.999997	-0.774904	0.00823606	0.565784	
-0.999999	-6.13254e-05	0.00111995	5.86771e-05	-0.999997	-0.0023645	0.0011201	-0.00236444	0.999997	-0.774827	0.00821393	0.565927	
-0.999999	-7.18867e-05	0.00112385	6.90628e-05	-0.999997	-0.00251256	0.00112403	-0.00251248	0.999996	-0.77475	0.00819083	0.566071	
-0.999999	-8.30933e-05	0.00112572	8.00929e-05	-0.999996	-0.00266512	0.00112593	-0.00266503	0.999996	-0.774674	0.00816677	0.566217	
-0.999999	-9.49424e-05	0.00112554	9.17655e-05	-0.999996	-0.00282221	0.0011258	-0.0028221	0.999995	-0.774597	0.00814172	0.566363	
-0.999999	-0.000107431	0.00112332	0.000104079	-0.999996	-0.00298381	0.00112364	-0.00298369	0.999995	-0.77452	0.00811571	0.56651	
-0.999999	-0.000120556	0.00111906	0.000117031	-0.999995	-0.00314992	0.00111943	-0.00314979	0.999994	-0.774443	0.00808872	0.566659	
-0.999999	-0.000134316	0.00111274	0.00013062	-0.999994	-0.00332057	0.00111318	-0.00332042	0.999994	-0.774366	0.00806076	0.566809	
-0.999999	-0.000148706	0.00110438	0.000144844	-0.999994	-0.00349573	0.00110489	-0.00349557	0.999993	-0.774289	0.00803182	0.566959	
-0.999999	-0.000163724	0.00109395	0.000159702	-0.999993	-0.00367542	0.00109455	-0.00367525	0.999993	-0.774212	0.00800191	0.567111	
-0.999999	-0.000179368	0.00108147	0.000175193	-0.999993	-0.00385964	0.00108215	-0.00385945	0.999992	-0.774135	0.00797101	0.567264	
-0.999999	-0.000195634	0.00106692	0.000191313	-0.999992	-0.00404839	0.0010677	-0.00404818	0.999991	-0.774057	0.00793914	0.567418	
-0.999999	-0.00021252	0.0010503	0.000208063	-0.999991	-0.00424167	0.00105119	-0.00424145	0.99999	-0.77398	0.00790629	0.567574	
-0.999999	-0.000230024	0.00103161	0.000225442	-0.99999	-0.00443948	0.00103262	-0.00443924	0.99999	-0.773902	0.00787246	0.56773	
-0.999999	-0.000248142	0.00101085	0.000243447	-0.999989	-0.00464183	0.00101199	-0.00464158	0.999989	-0.773824	0.00783765	0.567888	
-0.999999	-0.000266873	0.000988005	0.000262079	-0.999988	-0.00484871	0.000989287	-0.00484845	0.999988	-0.773746	0.00780185	0.568046	
-0.999999	-0.000286214	0.000963077	0.000281337	-0.999987	-0.00506013	0.000964513	-0.00505986	0.999987	-0.773668	0.00776506	0.568206	
-1	-0.000306162	0.000936061	0.000301219	-0.999986	-0.00527609	0.000937663	-0.00527581	0.999986	-0.773589	0.00772729	0.568367	
-1	-0.000326716	0.000906953	0.000321727	-0.999985	-0.0054966	0.000908735	-0.0054963	0.999984	-0.773511	0.00768852	0.568529	
-1	-0.000347874	0.00087575	0.000342858	-0.999984	-0.00572164	0.000877726	-0.00572134	0.999983	-0.773432	0.00764877	0.568692	
-1	-0.000369633	0.000842446	0.000364613	-0.999982	-0.00595123	0.000844631	-0.00595092	0.999982	-0.773352	0.00760802	0.568856	
-1	-0.000391992	0.000807038	0.000386993	-0.999981	-0.00618537	0.000809447	-0.00618505	0.999981	-0.773273	0.00756627	0.569021	
-1	-0.000414948	0.000769522	0.000409997	-0.999979	-0.00642405	0.000772172	-0.00642373	0.999979	-0.773193	0.00752353	0.569188	
-1	-0.000438501	0.000729894	0.000433625	-0.999978	-0.00666728	0.000732801	-0.00666696	0.999978	-0.773113	0.00747978	0.569355	
-1	-0.000462647	0.000688148	0.000457877	-0.999976	-0.00691506	0.000691331	-0.00691475	0.999976	-0.773033	0.00743503	0.569524	
-1	-0.000487386	0.000644281	0.000482755	-0.999974	-0.0071674	0.000647758	-0.00716708	0.999974	-0.772952	0.00738928	0.569694	
-1	-0.000512715	0.000598288	0.000508259	-0.999972	-0.00742428	0.000602078	-0.00742398	0.999972	-0.772871	0.00734251	0.569865	
-1	-0.000538634	0.000550166	0.00053439	-0.99997	-0.00768572	0.000554289	-0.00768543	0.99997	-0.77279	0.00729473	0.570037	
-1	-0.000565141	0.000499909	0.000561148	-0.999968	-0.00795172	0.000504387	-0.00795144	0.999968	-0.772708	0.00724594	0.57021	
-1	-0.000592234	0.000447512	0.000588534	-0.999966	-0.00822227	0.000452367	-0.008222	0.999966	-0.772626	0.00719613	0.570384	
-1	-0.000619911	0.000392973	0.00061655	-0.999964	-0.00849738	0.000398226	-0.00849713	0.999964	-0.772543	0.00714529	0.57056	
-1	-0.000648173	0.000336285	0.000645196	-0.999961	-0.00877705	0.000341961	-0.00877683	0.999961	-0.77246	0.00709344	0.570736	
-1	-0.000677017	0.000277444	0.000674475	-0.999959	-0.00906127	0.000283567	-0.00906108	0.999959	-0.772377	0.00704055	0.570914	
-1	-0.000706442	0.000216446	0.000704387	-0.999956	-0.00935006	0.000223041	-0.0093499	0.999956	-0.772294	0.00698663	0.571092	
-1	-0.000736447	0.000153285	0.000734934	-0.999953	-0.00964341	0.00016038	-0.00964329	0.999953	-0.77221	0.00693168	0.571272	
-1	-0.00076703	8.79576e-05	0.000766118	-0.99995	-0.00994132	9.55785e-05	-0.00994125	0.999951	-0.772125	0.00687569	0.571453	
-1	-0.000798192	2.04584e-05	0.00079794	-0.999947	-0.0102438	2.86338e-05	-0.0102438	0.999948	-0.772041	0.00681866	0.571635	
-0.999999	-0.00107976	1.02127e-05	0.0010796	-0.999946	-0.0103491	2.13868e-05	-0.0103491	0.999946	-0.771986	0.00678948	0.571741	
-0.999999	-0.00162125	9.19201e-05	0.00162024	-0.999947	-0.0101445	0.000108362	-0.0101443	0.999949	-0.771979	0.00680926	0.571727	
-0.999998	-0.00202368	0.00017311	0.00202186	-0.999949	-0.00994394	0.000193224	-0.00994357	0.999951	-0.771973	0.00683344	0.571713	
-0.999997	-0.00231207	0.000253477	0.00230949	-0.99995	-0.00974753	0.000276001	-0.00974692	0.999952	-0.771967	0.00686111	0.571701	
-0.999997	-0.00250732	0.00033277	0.00250402	-0.999951	-0.00955522	0.000356712	-0.00955435	0.999954	-0.771961	0.00689152	0.571689	
-0.999996	-0.00262691	0.000410788	0.00262295	-0.999953	-0.00936701	0.000435375	-0.0093659	0.999956	-0.771955	0.00692404	0.571679	
-0.999996	-0.00268543	0.000487363	0.00268084	-0.999954	-0.0091829	0.000512001	-0.00918156	0.999958	-0.771949	0.00695813	0.571669	
-0.999996	-0.00269502	0.000562362	0.00268985	-0.999956	-0.0090029	0.0005866	-0.00900135	0.999959	-0.771944	0.00699337	0.571661	
-0.999996	-0.00266579	0.000635676	0.00266007	-0.999958	-0.008827	0.00065918	-0.00882528	0.999961	-0.771938	0.00702939	0.571653	
-0.999996	-0.00260611	0.000707217	0.00259989	-0.999959	-0.00865521	0.000729745	-0.00865334	0.999962	-0.771933	0.00706587	0.571647	
-0.999997	-0.00252294	0.000776915	0.00251625	-0.999961	-0.00848754	0.000798298	-0.00848556	0.999964	-0.771927	0.00710256	0.571641	
-0.999997	-0.00242199	0.000844712	0.00241488	-0.999962	-0.00832399	0.000864841	-0.00832192	0.999965	-0.771922	0.00713926	0.571636	
-0.999997	-0.002308	0.000910564	0.00230049	-0.999964	-0.00816457	0.000929375	-0.00816245	0.999966	-0.771917	0.00717578	0.571633	
-0.999997	-0.00218484	0.000974435	0.00217696	-0.999966	-0.00800928	0.000991901	-0.00800714	0.999967	-0.771912	0.00721198	0.57163	
-0.999997	-0.00205565	0.0010363	0.00204744	-0.999967	-0.00785814	0.00105242	-0.00785599	0.999969	-0.771907	0.00724773	0.571628	
-0.999998	-0.00192301	0.00109613	0.00191451	-0.999968	-0.00771114	0.00111092	-0.00770902	0.99997	-0.771902	0.00728294	0.571627	
-0.999998	-0.001789	0.00115391	0.00178022	-0.99997	-0.0075683	0.00116741	-0.00756623	0.999971	-0.771897	0.00731751	0.571627	
-0.999998	-0.00165527	0.00120963	0.00164624	-0.999971	-0.00742962	0.00122189	-0.00742761	0.999972	-0.771891	0.00735139	0.571629	
-0.999998	-0.00152314	0.00126328	0.00151389	-0.999972	-0.00729511	0.00127435	-0.00729318	0.999973	-0.771886	0.00738452	0.571631	
-0.999998	-0.00139365	0.00131485	0.0013842	-0.999973	-0.00716478	0.0013248	-0.00716294	0.999973	-0.771881	0.00741684	0.571634	
-0.999998	-0.00126759	0.00136433	0.00125796	-0.999974	-0.00703862	0.00137322	-0.00703689	0.999974	-0.771876	0.00744833	0.571638	
-0.999998	-0.00114557	0.00141173	0.00113578	-0.999975	-0.00691665	0.00141962	-0.00691504	0.999975	-0.77187	0.00747894	0.571643	
-0.999998	-0.00102803	0.00145703	0.0010181	-0.999976	-0.00679888	0.00146399	-0.00679739	0.999976	-0.771865	0.00750866	0.571649	
-0.999998	-0.000915282	0.00150025	0.000905233	-0.999977	-0.0066853	0.00150633	-0.00668393	0.999977	-0.77186	0.00753747	0.571656	
-0.999998	-0.000807536	0.00154137	0.000797384	-0.999978	-0.00657593	0.00154664	-0.00657469	0.999977	-0.771854	0.00756534	0.571663	
-0.999999	-0.000704911	0.00158039	0.00069467	-0.999979	-0.00647077	0.00158492	-0.00646966	0.999978	-0.771848	0.00759227	0.571672	
-0.999999	-0.000607454	0.00161733	0.000597141	-0.99998	-0.00636982	0.00162116	-0.00636884	0.999978	-0.771842	0.00761824	0.571682	
-0.999999	-0.00051516	0.00165217	0.000504787	-0.99998	-0.00627308	0.00165537	-0.00627224	0.999979	-0.771836	0.00764325	0.571693	
-0.999998	-0.000427978	0.00168491	0.000417556	-0.999981	-0.00618057	0.00168753	-0.00617986	0.999979	-0.77183	0.0076673	0.571705	
-0.999998	-0.00034582	0.00171557	0.000335362	-0.999981	-0.00609229	0.00171764	-0.00609171	0.99998	-0.771824	0.00769037	0.571718	
-0.999998	-0.000268574	0.00174413	0.00025809	-0.999982	-0.00600824	0.00174572	-0.00600779	0.99998	-0.771817	0.00771246	0.571731	
-0.999998	-0.000196107	0.00177061	0.000185607	-0.999982	-0.00592843	0.00177174	-0.00592809	0.999981	-0.771811	0.00773358	0.571746	
-0.999998	-0.000128271	0.00179499	0.000117763	-0.999983	-0.00585286	0.00179571	-0.00585264	0.999981	-0.771804	0.00775372	0.571762	
-0.999998	-6.49081e-05	0.00181728	5.44005e-05	-0.999983	-0.00578153	0.00181763	-0.00578143	0.999982	-0.771797	0.00777288	0.571779	
-0.999998	-5.8526e-06	0.00183749	-4.64774e-06	-0.999984	-0.00571446	0.00183749	-0.00571445	0.999982	-0.771789	0.00779106	0.571796	
-0.999998	4.90641e-05	0.0018556	-5.95506e-05	-0.999984	-0.00565163	0.00185529	-0.00565173	0.999982	-0.771782	0.00780826	0.571815	
-0.999998	4.1491e-05	0.00187898	-5.1928e-05	-0.999985	-0.0055549	0.00187872	-0.00555499	0.999983	-0.771781	0.00782992	0.57182	
-0.999998	3.24351e-05	0.00190233	-4.28067e-05	-0.999985	-0.00545227	0.00190212	-0.00545234	0.999983	-0.771782	0.00785259	0.571821	
-0.999998	3.53835e-05	0.00192368	-4.56822e-05	-0.999986	-0.00535384	0.00192347	-0.00535391	0.999984	-0.771783	0.00787475	0.571824	
-0.999998	3.90884e-05	0.0019428	-4.92991e-05	-0.999986	-0.00525591	0.00194256	-0.00525599	0.999984	-0.771772	0.00791841	0.571826	
-0.999998	2.75525e-05	0.00194886	-3.76099e-05	-0.999987	-0.0051608	0.00194869	-0.00516086	0.999985	-0.771694	0.00807792	0.571828	
-0.999998	3.40219e-06	0.00194151	-1.32432e-05	-0.999987	-0.00506874	0.00194147	-0.00506876	0.999985	-0.771558	0.00833941	0.57183	
-0.999998	-2.92091e-05	0.00192162	1.96395e-05	-0.999988	-0.00497983	0.00192174	-0.00497978	0.999986	-0.771379	0.00867858	0.571833	
-0.999998	-6.71926e-05	0.00188987	5.79426e-05	-0.999988	-0.00489412	0.00189018	-0.004894	0.999986	-0.771167	0.0090754	0.571836	
-0.999998	-0.000108273	0.00184679	9.93854e-05	-0.999988	-0.00481165	0.00184729	-0.00481146	0.999987	-0.770933	0.00951341	0.571839	
-0.999998	-0.000150792	0.00179277	0.000142307	-0.999989	-0.00473248	0.00179346	-0.00473221	0.999987	-0.770684	0.00997917	0.571842	
-0.999998	-0.000193564	0.0017281	0.000185515	-0.999989	-0.00465662	0.00172899	-0.00465629	0.999988	-0.770427	0.0104617	0.571845	
-0.999999	-0.000235753	0.00165303	0.000228173	-0.999989	-0.00458409	0.00165409	-0.00458371	0.999988	-0.770166	0.0109522	0.571849	
-0.999999	-0.000276788	0.0015677	0.000269708	-0.99999	-0.00451491	0.00156894	-0.00451449	0.999989	-0.769906	0.0114436	0.571852	
-0.999999	-0.000316296	0.00147225	0.000309743	-0.99999	-0.0044491	0.00147364	-0.00444864	0.999989	-0.769651	0.0119302	0.571856	
-0.999999	-0.000354045	0.00136674	0.000348046	-0.99999	-0.00438665	0.00136828	-0.00438617	0.999989	-0.769402	0.0124076	0.57186	
-0.999999	-0.000389827	0.00125131	0.000384408	-0.999991	-0.00432759	0.00125299	-0.0043271	0.99999	-0.769162	0.0128724	0.571864	
-0.999999	-0.000423778	0.00112585	0.000418965	-0.999991	-0.00427189	0.00112765	-0.00427142	0.99999	-0.768933	0.0133219	0.571868	
-0.999999	-0.000455793	0.000990447	0.00045161	-0.999991	-0.00421958	0.000992361	-0.00421913	0.999991	-0.768714	0.0137544	0.571873	
-1	-0.000485912	0.000845112	0.000482383	-0.999991	-0.00417065	0.000847131	-0.00417024	0.999991	-0.768509	0.0141684	0.571877	
-1	-0.000514117	0.000689915	0.000511266	-0.999991	-0.00412511	0.000692029	-0.00412475	0.999991	-0.768316	0.0145631	0.571882	
-1	-0.000540665	0.000524707	0.000538518	-0.999992	-0.00408294	0.00052691	-0.00408266	0.999992	-0.768136	0.0149379	0.571886	
-1	-0.00056554	0.00034955	0.000564121	-0.999992	-0.00404416	0.000351834	-0.00404396	0.999992	-0.76797	0.0152926	0.571891	
-1	-0.000587252	0.000165555	0.000586584	-0.999992	-0.00400888	0.000167908	-0.00400878	0.999992	-0.767816	0.0156272	0.571897	
-1	-0.000599015	-2.14931e-05	0.000599096	-0.999992	-0.0039777	-1.91102e-05	-0.00397771	0.999992	-0.767674	0.015942	0.571902	
-1	-0.000602085	-0.000210801	0.000602913	-0.999992	-0.00395071	-0.000208421	-0.00395083	0.999992	-0.767542	0.0162373	0.571909	
-1	-0.00059845	-0.000402382	0.000600026	-0.999992	-0.0039279	-0.000400028	-0.00392815	0.999992	-0.767421	0.0165136	0.571917	
-1	-0.000589752	-0.000596245	0.000592078	-0.999992	-0.0039093	-0.000593935	-0.00390965	0.999992	-0.76731	0.0167713	0.571926	
-1	-0.000577341	-0.000792399	0.000580423	-0.999992	-0.00389488	-0.000790145	-0.00389534	0.999992	-0.767209	0.0170111	0.571936	
-0.999999	-0.000562326	-0.000990854	0.000566171	-0.999992	-0.00388466	-0.000988662	-0.00388522	0.999992	-0.767118	0.0172338	0.571946	
-0.999999	-0.00054561	-0.00119161	0.000550228	-0.999992	-0.00387864	-0.00118949	-0.00387929	0.999992	-0.767036	0.0174399	0.571958	
-0.999999	-0.000527928	-0.00139469	0.000533332	-0.999992	-0.00387681	-0.00139263	-0.00387755	0.999992	-0.766962	0.0176302	0.57197	
-0.999999	-0.000509875	-0.00160008	0.000516078	-0.999992	-0.00387918	-0.00159809	-0.00388	0.999991	-0.766896	0.0178054	0.571983	
-0.999998	-0.000491924	-0.0018078	0.000498946	-0.999992	-0.00388574	-0.00180587	-0.00388663	0.999991	-0.766839	0.0179663	0.571997	
-0.999998	-0.000474454	-0.00201784	0.000482314	-0.999992	-0.00389649	-0.00201597	-0.00389746	0.99999	-0.766789	0.0181135	0.572013	
-0.999997	-0.000457762	-0.00223021	0.000466483	-0.999992	-0.00391145	-0.00222841	-0.00391248	0.99999	-0.766746	0.0182477	0.572029	
-0.999997	-0.000442076	-0.00244493	0.000451684	-0.999992	-0.00393059	-0.00244317	-0.00393169	0.999989	-0.76671	0.0183697	0.572046	
-0.999996	-0.000427573	-0.00266198	0.000438096	-0.999992	-0.00395394	-0.00266027	-0.00395509	0.999989	-0.76668	0.01848	0.572063	
-0.999996	-0.00041438	-0.00288137	0.00042585	-0.999992	-0.00398148	-0.0028797	-0.00398269	0.999988	-0.766656	0.0185794	0.572082	
-0.999995	-0.000402589	-0.00310311	0.000415041	-0.999992	-0.00401322	-0.00310147	-0.00401449	0.999987	-0.766638	0.0186684	0.572102	
-0.999994	-0.000392263	-0.00332721	0.000405735	-0.999992	-0.00404915	-0.00332559	-0.00405048	0.999986	-0.766624	0.0187476	0.572123	
-0.999994	-0.000383439	-0.00355365	0.00039797	-0.999992	-0.00408929	-0.00355205	-0.00409067	0.999985	-0.766616	0.0188176	0.572144	
-0.999993	-0.000376134	-0.00378245	0.000391768	-0.999991	-0.00413362	-0.00378087	-0.00413507	0.999984	-0.766613	0.0188789	0.572167	
-0.999992	-0.000370349	-0.00401361	0.000387135	-0.999991	-0.00418215	-0.00401203	-0.00418367	0.999983	-0.766613	0.018932	0.57219	
-0.999991	-0.000366075	-0.00424714	0.000384062	-0.999991	-0.00423488	-0.00424555	-0.00423647	0.999982	-0.766618	0.0189775	0.572215	
-0.99999	-0.000363291	-0.00448303	0.000382532	-0.999991	-0.00429181	-0.00448143	-0.00429348	0.999981	-0.766627	0.0190156	0.57224	
-0.999989	-0.00036197	-0.00472128	0.000382522	-0.99999	-0.00435295	-0.00471966	-0.0043547	0.999979	-0.766639	0.019047	0.572266	
-0.999988	-0.000362077	-0.00496191	0.000384001	-0.99999	-0.00441828	-0.00496026	-0.00442013	0.999978	-0.766654	0.019072	0.572294	
-0.999986	-0.000363576	-0.00520491	0.000386936	-0.99999	-0.00448783	-0.00520323	-0.00448978	0.999976	-0.766673	0.019091	0.572322	
-0.999985	-0.000366427	-0.00545029	0.00039129	-0.99999	-0.00456157	-0.00544856	-0.00456364	0.999975	-0.766694	0.0191043	0.572351	
-0.999984	-0.000370587	-0.00569805	0.000397025	-0.999989	-0.00463953	-0.00569627	-0.00464172	0.999973	-0.766717	0.0191124	0.572381	
-0.999982	-0.000376013	-0.00594819	0.000404102	-0.999989	-0.00472169	-0.00594635	-0.00472401	0.999971	-0.766744	0.0191154	0.572412	
-0.999981	-0.000382664	-0.00620072	0.00041248	-0.999988	-0.00480806	-0.0061988	-0.00481053	0.999969	-0.766772	0.0191138	0.572444	
-0.999979	-0.000390494	-0.00645563	0.000422122	-0.999988	-0.00489865	-0.00645364	-0.00490127	0.999967	-0.766803	0.0191078	0.572477	
-0.999977	-0.000399462	-0.00671294	0.000432988	-0.999987	-0.00499344	-0.00671086	-0.00499623	0.999965	-0.766835	0.0190977	0.572511	
-0.999976	-0.000409527	-0.00697264	0.00044504	-0.999987	-0.00509245	-0.00697046	-0.00509543	0.999963	-0.766869	0.0190837	0.572545	
-0.999974	-0.000420647	-0.00723473	0.000458243	-0.999986	-0.00519567	-0.00723245	-0.00519885	0.99996	-0.766905	0.0190661	0.572581	
-0.999972	-0.000432784	-0.00749923	0.00047256	-0.999986	-0.00530311	-0.00749683	-0.0053065	0.999958	-0.766942	0.0190451	0.572618	
-0.99997	-0.0004459	-0.00776613	0.00048796	-0.999985	-0.00541476	-0.0077636	-0.00541839	0.999955	-0.76698	0.0190208	0.572655	
-0.999968	-0.000459959	-0.00803543	0.00050441	-0.999985	-0.00553064	-0.00803277	-0.00553451	0.999952	-0.76702	0.0189936	0.572694	
-0.999965	-0.000474927	-0.00830715	0.000521879	-0.999984	-0.00565073	-0.00830433	-0.00565487	0.99995	-0.767061	0.0189635	0.572733	
-0.999963	-0.00049077	-0.00858127	0.000540339	-0.999983	-0.00577505	-0.00857829	-0.00577947	0.999947	-0.767102	0.0189308	0.572774	
-0.999961	-0.000507457	-0.00885781	0.000559763	-0.999982	-0.00590358	-0.00885466	-0.00590831	0.999943	-0.767145	0.0188956	0.572815	
-0.999958	-0.000524959	-0.00913677	0.000580127	-0.999982	-0.00603635	-0.00913344	-0.00604139	0.99994	-0.767189	0.018858	0.572858	
-0.999956	-0.000543247	-0.00941815	0.000601405	-0.999981	-0.00617333	-0.00941462	-0.00617872	0.999937	-0.767233	0.0188182	0.572901	
-0.999953	-0.000562295	-0.00970196	0.000623577	-0.99998	-0.00631455	-0.00969821	-0.0063203	0.999933	-0.767277	0.0187763	0.572945	
-0.99995	-0.000582078	-0.00998819	0.000646621	-0.999979	-0.00645999	-0.00998422	-0.00646612	0.999929	-0.767323	0.0187325	0.57299	
-0.999947	-0.000602571	-0.0102768	0.000670519	-0.999978	-0.00660966	-0.0102726	-0.0066162	0.999925	-0.767369	0.0186867	0.573037	
-0.999944	-0.000623752	-0.0105679	0.000695253	-0.999977	-0.00676356	-0.0105635	-0.00677053	0.999921	-0.767415	0.0186393	0.573084	
-0.999941	-0.000598745	-0.0108198	0.000673569	-0.999976	-0.00691316	-0.0108154	-0.00692004	0.999918	-0.767452	0.0185922	0.573132	
-0.999941	-0.000419407	-0.0108975	0.000496039	-0.999975	-0.00703037	-0.0108942	-0.00703536	0.999916	-0.767449	0.0185524	0.57318	
-0.99994	-0.000288053	-0.0109777	0.000366573	-0.999974	-0.00715127	-0.0109754	-0.00715487	0.999914	-0.767448	0.0185109	0.573229	
-0.999939	-0.000196216	-0.0110605	0.000276703	-0.999973	-0.00727596	-0.0110587	-0.00727858	0.999912	-0.767447	0.0184678	0.573279	
-0.999938	-0.000136807	-0.0111457	0.000219345	-0.999973	-0.00740452	-0.0111444	-0.0074065	0.99991	-0.767446	0.0184232	0.57333	
-0.999937	-0.000103903	-0.0112333	0.000188578	-0.999972	-0.00753699	-0.0112322	-0.00753864	0.999908	-0.767446	0.0183773	0.573381	
-0.999936	-8.71535e-05	-0.0113183	0.000174001	-0.999971	-0.00767242	-0.0113173	-0.00767389	0.999907	-0.767445	0.0183304	0.573434	
-0.999935	-8.04706e-05	-0.0113965	0.000169485	-0.999969	-0.00780993	-0.0113955	-0.00781136	0.999905	-0.767442	0.0182827	0.573488	
-0.999934	-8.84647e-05	-0.0114745	0.000179707	-0.999968	-0.00795098	-0.0114734	-0.00795252	0.999903	-0.767438	0.018234	0.573543	
-0.999933	-0.000108726	-0.0115529	0.000202265	-0.999967	-0.00809567	-0.0115516	-0.00809747	0.9999	-0.767434	0.0181842	0.573599	
-0.999932	-0.000139178	-0.0116321	0.000235085	-0.999966	-0.00824413	-0.0116305	-0.00824631	0.999898	-0.767431	0.0181335	0.573655	
-0.999931	-0.000178033	-0.0117123	0.000276387	-0.999965	-0.00839645	-0.0117104	-0.00839911	0.999896	-0.767426	0.0180819	0.573713	
-0.99993	-0.000223756	-0.0117939	0.000324641	-0.999963	-0.00855272	-0.0117916	-0.00855595	0.999894	-0.767422	0.0180293	0.573772	
-0.999929	-0.000275032	-0.0118772	0.000378535	-0.999962	-0.00871301	-0.0118744	-0.00871689	0.999892	-0.767417	0.0179759	0.573831	
-0.999928	-0.000330736	-0.0119625	0.00043695	-0.99996	-0.00887741	-0.0119591	-0.008882	0.999889	-0.767412	0.0179215	0.573892	
-0.999927	-0.000389905	-0.0120499	0.000498928	-0.999959	-0.00904597	-0.0120459	-0.00905132	0.999886	-0.767407	0.0178663	0.573954	
-0.999928	-1.5548e-05	-0.0120306	0.000124182	-0.999959	-0.00902907	-0.01203	-0.00902991	0.999887	-0.767397	0.0178587	0.574001	
-0.999928	0.000193459	-0.0120059	-8.58445e-05	-0.99996	-0.0089633	-0.0120072	-0.00896162	0.999888	-0.767389	0.017861	0.574044	
-0.999928	0.00033529	-0.0119834	-0.00022867	-0.99996	-0.00889758	-0.0119859	-0.0088942	0.999889	-0.767382	0.0178615	0.574088	
-0.999928	0.000421174	-0.0119629	-0.000315533	-0.999961	-0.00883123	-0.0119662	-0.00882682	0.999889	-0.767375	0.0178608	0.574133	
-0.999929	0.000462449	-0.0119443	-0.000357771	-0.999962	-0.00876449	-0.0119479	-0.00875959	0.99989	-0.767368	0.017859	0.574178	
-0.999929	0.000468499	-0.0119275	-0.000364767	-0.999962	-0.00869756	-0.0119311	-0.00869259	0.999891	-0.767362	0.0178565	0.574224	
-0.999929	0.000447071	-0.0119125	-0.000344267	-0.999963	-0.00863061	-0.0119159	-0.0086259	0.999892	-0.767355	0.0178534	0.57427	
-0.999929	0.00040455	-0.0118992	-0.000302655	-0.999963	-0.00856379	-0.0119022	-0.00855958	0.999893	-0.767348	0.0178498	0.574317	
-0.999929	0.000346182	-0.0118875	-0.000245176	-0.999964	-0.00849722	-0.01189	-0.00849371	0.999893	-0.767342	0.0178458	0.574365	
-0.999929	0.000276263	-0.0118776	-0.000176126	-0.999964	-0.00843101	-0.0118795	-0.00842833	0.999894	-0.767335	0.0178417	0.574414	
-0.99993	0.000198299	-0.0118692	-9.90103e-05	-0.999965	-0.00836525	-0.0118705	-0.00836349	0.999895	-0.767329	0.0178373	0.574463	
-0.99993	0.000115138	-0.0118625	-1.66756e-05	-0.999966	-0.00830003	-0.011863	-0.00829925	0.999895	-0.767322	0.0178329	0.574513	
-0.99993	2.90752e-05	-0.0118574	6.8581e-05	-0.999966	-0.00823541	-0.0118572	-0.00823564	0.999896	-0.767316	0.0178284	0.574563	
-0.99993	-2.84321e-05	-0.011853	0.000125199	-0.999967	-0.00816326	-0.0118523	-0.00816417	0.999896	-0.76731	0.0178261	0.574614	
-0.99993	-7.39773e-05	-0.0118501	0.000169854	-0.999967	-0.00808999	-0.0118492	-0.00809144	0.999897	-0.767304	0.0178242	0.574665	
-0.99993	-0.000114856	-0.0118492	0.000209871	-0.999968	-0.00801779	-0.0118479	-0.00801971	0.999898	-0.767299	0.0178223	0.574717	
-0.99993	-0.00015187	-0.0118501	0.000246053	-0.999968	-0.00794674	-0.0118485	-0.0079491	0.999898	-0.767293	0.0178203	0.574769	
-0.99993	-0.000185653	-0.0118529	0.000279032	-0.999969	-0.00787696	-0.0118511	-0.00787971	0.999899	-0.767287	0.0178183	0.574822	
-0.99993	-0.000216698	-0.0118576	0.000309303	-0.999969	-0.00780851	-0.0118556	-0.00781163	0.999899	-0.767281	0.0178163	0.574876	
-0.99993	-0.000245385	-0.0118643	0.000337248	-0.99997	-0.00774148	-0.011862	-0.00774494	0.9999	-0.767275	0.0178143	0.574931	
-0.999929	-0.000272006	-0.0118728	0.000363159	-0.99997	-0.00767593	-0.0118704	-0.0076797	0.9999	-0.767268	0.0178123	0.574987	
-0.999929	-0.000296784	-0.0118833	0.000387258	-0.999971	-0.0076119	-0.0118807	-0.00761597	0.9999	-0.767262	0.0178103	0.575043	
-0.999929	-0.000319884	-0.0118957	0.00040971	-0.999971	-0.00754946	-0.011893	-0.00755379	0.999901	-0.767255	0.0178084	0.5751	
-0.999929	-0.000341429	-0.0119101	0.00043064	-0.999972	-0.00748862	-0.0119072	-0.00749321	0.999901	-0.767249	0.0178064	0.575158	
-0.999929	-0.000361509	-0.0119265	0.000450138	-0.999972	-0.00742942	-0.0119234	-0.00743426	0.999901	-0.767242	0.0178045	0.575216	
-0.999929	-0.00038019	-0.0119447	0.000468268	-0.999973	-0.00737188	-0.0119416	-0.00737694	0.999901	-0.767235	0.0178027	0.575276	
-0.999928	-0.00039752	-0.011965	0.00048508	-0.999973	-0.00731601	-0.0119618	-0.00732129	0.999902	-0.767227	0.0178009	0.575336	
-0.999928	-0.000413535	-0.0119872	0.000500609	-0.999974	-0.00726182	-0.0119839	-0.0072673	0.999902	-0.76722	0.0177991	0.575397	
-0.999928	-0.000428262	-0.0120114	0.000514882	-0.999974	-0.00720932	-0.012008	-0.00721498	0.999902	-0.767212	0.0177973	0.575459	
-0.999927	-0.000441724	-0.0120375	0.000527921	-0.999974	-0.0071585	-0.012034	-0.00716434	0.999902	-0.767204	0.0177956	0.575521	
-0.999927	-0.000453939	-0.0120656	0.000539745	-0.999975	-0.00710936	-0.012062	-0.00711536	0.999902	-0.767196	0.0177939	0.575585	
-0.999927	-0.000464926	-0.0120956	0.000550372	-0.999975	-0.00706189	-0.012092	-0.00706803	0.999902	-0.767188	0.0177923	0.575649	
-0.999926	-0.000474705	-0.0121276	0.000559823	-0.999975	-0.00701607	-0.012124	-0.00702235	0.999902	-0.767179	0.0177907	0.575714	
-0.999926	-0.000483296	-0.0121616	0.000568116	-0.999976	-0.0069719	-0.012158	-0.00697829	0.999902	-0.767171	0.0177891	0.57578	
-0.999925	-0.000490722	-0.0121976	0.000575275	-0.999976	-0.00692935	-0.0121939	-0.00693585	0.999902	-0.767162	0.0177876	0.575846	
-0.999925	-0.000497009	-0.0122355	0.000581324	-0.999976	-0.0068884	-0.0122318	-0.00689499	0.999901	-0.767153	0.0177861	0.575914	
-0.999925	-0.000502184	-0.0122754	0.000586291	-0.999976	-0.00684902	-0.0122716	-0.0068557	0.999901	-0.767144	0.0177847	0.575982	
-0.999924	-0.000506278	-0.0123172	0.000590206	-0.999977	-0.00681121	-0.0123135	-0.00681796	0.999901	-0.767134	0.0177833	0.576051	
-0.999923	-0.000509324	-0.012361	0.000593102	-0.999977	-0.00677492	-0.0123573	-0.00678173	0.999901	-0.767124	0.0177819	0.57612	
-0.999923	-0.000511357	-0.0124067	0.000595014	-0.999977	-0.00674014	-0.012403	-0.006747	0.9999	-0.767115	0.0177805	0.576191	
-0.999922	-0.000512413	-0.0124545	0.000595978	-0.999977	-0.00670683	-0.0124507	-0.00671373	0.9999	-0.767104	0.0177792	0.576262	
-0.999922	-0.000512534	-0.0125041	0.000596034	-0.999978	-0.00667497	-0.0125004	-0.0066819	0.9999	-0.767094	0.017778	0.576334	
-0.999921	-0.000511758	-0.0125558	0.000595221	-0.999978	-0.00664453	-0.0125521	-0.00665148	0.999899	-0.767084	0.0177767	0.576407	
-0.99992	-0.000510127	-0.0126094	0.00059358	-0.999978	-0.00661548	-0.0126057	-0.00662244	0.999899	-0.767073	0.0177755	0.57648	
-0.99992	-0.000507685	-0.0126649	0.000591155	-0.999978	-0.0065878	-0.0126613	-0.00659476	0.999898	-0.767062	0.0177744	0.576555	
-0.999919	-0.000504474	-0.0127224	0.000587988	-0.999978	-0.00656144	-0.0127188	-0.00656839	0.999898	-0.767051	0.0177733	0.57663	
-0.999918	-0.000500537	-0.0127818	0.000584121	-0.999978	-0.00653639	-0.0127783	-0.00654333	0.999897	-0.76704	0.0177722	0.576706	
-0.999917	-0.000495918	-0.0128433	0.000579599	-0.999979	-0.00651262	-0.0128397	-0.00651953	0.999896	-0.767029	0.0177711	0.576782	
-0.999917	-0.00049066	-0.0129066	0.000574463	-0.999979	-0.00649009	-0.0129031	-0.00649696	0.999896	-0.767017	0.0177701	0.57686	
-0.999916	-0.000484805	-0.0129719	0.000568755	-0.999979	-0.00646878	-0.0129685	-0.00647561	0.999895	-0.767006	0.0177691	0.576938	
-0.999915	-0.000478396	-0.0130392	0.000562519	-0.999979	-0.00644865	-0.0130358	-0.00645544	0.999894	-0.766994	0.0177682	0.577017	
-0.999914	-0.000471472	-0.0131084	0.000555793	-0.999979	-0.00642969	-0.0131051	-0.00643642	0.999893	-0.766982	0.0177673	0.577097	
-0.999913	-0.000464075	-0.0131795	0.000548619	-0.999979	-0.00641186	-0.0131763	-0.00641853	0.999893	-0.76697	0.0177664	0.577177	
-0.999912	-0.000456243	-0.0132526	0.000541034	-0.999979	-0.00639514	-0.0132494	-0.00640174	0.999892	-0.766958	0.0177655	0.577258	
-0.999911	-0.000448014	-0.0133276	0.000533076	-0.99998	-0.00637949	-0.0133245	-0.00638603	0.999891	-0.766945	0.0177647	0.57734	
-0.99991	-0.000439423	-0.0134046	0.000524781	-0.99998	-0.0063649	-0.0134016	-0.00637136	0.99989	-0.766933	0.017764	0.577423	
-0.999909	-0.000430506	-0.0134836	0.000516183	-0.99998	-0.00635134	-0.0134806	-0.00635772	0.999889	-0.76692	0.0177632	0.577506	
-0.999908	-0.000421296	-0.0135644	0.000507316	-0.99998	-0.00633878	-0.0135615	-0.00634508	0.999888	-0.766907	0.0177625	0.577591	
-0.999907	-0.000411824	-0.0136472	0.000498211	-0.99998	-0.0063272	-0.0136444	-0.00633341	0.999887	-0.766894	0.0177618	0.577676	
-0.999906	-0.000402122	-0.013732	0.000488899	-0.99998	-0.00631657	-0.0137292	-0.00632269	0.999886	-0.766881	0.0177612	0.577761	
-0.999904	-0.000392217	-0.0138187	0.000479407	-0.99998	-0.00630688	-0.0138159	-0.0063129	0.999885	-0.766868	0.0177606	0.577848	
-0.999903	-0.000382136	-0.0139073	0.000469763	-0.99998	-0.0062981	-0.0139046	-0.00630402	0.999883	-0.766855	0.01776	0.577935	
-0.999902	-0.000371905	-0.0139979	0.000459992	-0.99998	-0.0062902	-0.0139953	-0.00629602	0.999882	-0.766842	0.0177594	0.578023	
-0.999901	-0.000361548	-0.0140904	0.000450118	-0.99998	-0.00628317	-0.0140879	-0.00628889	0.999881	-0.766828	0.0177589	0.578111	
-0.999899	-0.000351088	-0.0141849	0.000440163	-0.99998	-0.00627699	-0.0141824	-0.0062826	0.99988	-0.766815	0.0177584	0.578201	
-0.999898	-0.000340544	-0.0142813	0.000430148	-0.99998	-0.00627163	-0.0142789	-0.00627713	0.999878	-0.766801	0.017758	0.578291	
-0.999897	-0.000329938	-0.0143796	0.000420093	-0.99998	-0.00626708	-0.0143773	-0.00627247	0.999877	-0.766787	0.0177576	0.578382	
-0.999895	-0.000319286	-0.0144799	0.000410015	-0.99998	-0.00626331	-0.0144776	-0.00626859	0.999876	-0.766773	0.0177572	0.578473	
-0.999894	-0.000308605	-0.0145821	0.000399931	-0.99998	-0.00626032	-0.0145799	-0.00626548	0.999874	-0.766759	0.0177568	0.578566	
-0.999892	-0.000297912	-0.0146863	0.000389855	-0.99998	-0.00625807	-0.0146841	-0.00626312	0.999873	-0.766745	0.0177565	0.578659	
-0.999891	-0.000287218	-0.0147924	0.000379804	-0.99998	-0.00625656	-0.0147903	-0.00626149	0.999871	-0.766731	0.0177562	0.578752	
-0.999889	-0.000276539	-0.0149004	0.000369788	-0.99998	-0.00625577	-0.0148984	-0.00626058	0.999869	-0.766717	0.0177559	0.578847	
-0.999887	-0.000265884	-0.0150104	0.000359819	-0.99998	-0.00625567	-0.0150084	-0.00626037	0.999868	-0.766703	0.0177556	0.578942	
-0.999886	-0.000255265	-0.0151223	0.000349909	-0.99998	-0.00625626	-0.0151204	-0.00626084	0.999866	-0.766689	0.0177554	0.579038	
-0.999884	-0.000244691	-0.0152361	0.000340066	-0.99998	-0.00625753	-0.0152343	-0.00626198	0.999864	-0.766674	0.0177552	0.579135	
-0.999882	-0.000234171	-0.0153519	0.000330299	-0.99998	-0.00625944	-0.0153501	-0.00626378	0.999863	-0.76666	0.0177551	0.579232	
-0.99988	-0.000223711	-0.0154696	0.000320616	-0.99998	-0.006262	-0.0154679	-0.00626621	0.999861	-0.766646	0.0177549	0.57933	
-0.999878	-0.000213319	-0.0155893	0.000311022	-0.99998	-0.00626519	-0.0155877	-0.00626927	0.999859	-0.766631	0.0177548	0.579429	
-0.999877	-0.000202999	-0.0157109	0.000301524	-0.99998	-0.00626899	-0.0157093	-0.00627295	0.999857	-0.766617	0.0177547	0.579529	
-0.999875	-0.000192758	-0.0158345	0.000292127	-0.99998	-0.00627339	-0.0158329	-0.00627723	0.999855	-0.766602	0.0177547	0.579629	
-0.999873	-0.000182599	-0.01596	0.000282834	-0.99998	-0.00627838	-0.0159585	-0.00628209	0.999853	-0.766587	0.0177546	0.57973	
-0.999871	-0.000172525	-0.0160874	0.000273649	-0.99998	-0.00628395	-0.016086	-0.00628754	0.999851	-0.766573	0.0177546	0.579832	
-0.999868	-0.000162539	-0.0162168	0.000264576	-0.99998	-0.00629008	-0.0162154	-0.00629354	0.999849	-0.766558	0.0177546	0.579934	
-0.999866	-0.000152644	-0.0163481	0.000255615	-0.99998	-0.00629677	-0.0163468	-0.0063001	0.999847	-0.766543	0.0177547	0.580037	
-0.999864	-0.00014284	-0.0164814	0.000246769	-0.99998	-0.006304	-0.0164801	-0.00630721	0.999844	-0.766529	0.0177547	0.580141	
-0.999862	-0.000133129	-0.0166166	0.000238039	-0.99998	-0.00631176	-0.0166154	-0.00631485	0.999842	-0.766514	0.0177548	0.580246	
-0.99986	-0.000123511	-0.0167537	0.000229425	-0.99998	-0.00632005	-0.0167526	-0.00632301	0.99984	-0.766499	0.0177549	0.580351	
-0.999857	-0.000113986	-0.0168928	0.000220927	-0.99998	-0.00632885	-0.0168918	-0.00633168	0.999837	-0.766484	0.0177551	0.580457	
-0.999855	-0.000104554	-0.0170339	0.000212546	-0.99998	-0.00633815	-0.0170329	-0.00634085	0.999835	-0.766469	0.0177552	0.580564	
-0.999852	-9.52143e-05	-0.0171769	0.00020428	-0.99998	-0.00634795	-0.0171759	-0.00635052	0.999832	-0.766455	0.0177554	0.580671	
-0.99985	-8.59654e-05	-0.0173218	0.000196129	-0.99998	-0.00635824	-0.0173209	-0.00636068	0.99983	-0.76644	0.0177556	0.580779	
-0.999847	-7.68059e-05	-0.0174687	0.000188091	-0.99998	-0.006369	-0.0174679	-0.00637131	0.999827	-0.766425	0.0177558	0.580888	
-0.999845	-6.77343e-05	-0.0176176	0.000180165	-0.99998	-0.00638023	-0.0176168	-0.00638241	0.999824	-0.76641	0.017756	0.580998	
-0.999842	-5.87483e-05	-0.0177683	0.000172348	-0.99998	-0.00639192	-0.0177676	-0.00639398	0.999822	-0.766395	0.0177563	0.581108	
-0.999839	-4.98458e-05	-0.0179211	0.000164639	-0.999979	-0.00640407	-0.0179204	-0.00640599	0.999819	-0.76638	0.0177566	0.581219	
-0.999837	-4.10243e-05	-0.0180758	0.000157035	-0.999979	-0.00641666	-0.0180752	-0.00641845	0.999816	-0.766365	0.0177569	0.581331	
-0.999834	-3.22812e-05	-0.0182325	0.000149534	-0.999979	-0.00642969	-0.0182319	-0.00643135	0.999813	-0.76635	0.0177572	0.581443	
-0.999831	-2.36136e-05	-0.0183911	0.000142134	-0.999979	-0.00644316	-0.0183905	-0.00644468	0.99981	-0.766336	0.0177575	0.581556	
-0.999828	-1.50185e-05	-0.0185517	0.00013483	-0.999979	-0.00645705	-0.0185512	-0.00645844	0.999807	-0.766321	0.0177579	0.58167	
-0.999825	-6.493e-06	-0.0187142	0.000127621	-0.999979	-0.00647135	-0.0187137	-0.00647261	0.999804	-0.766306	0.0177582	0.581784	
-0.999822	-4.50748e-06	-0.0188785	0.000126962	-0.999979	-0.00648526	-0.0188781	-0.0064865	0.999801	-0.766291	0.0177588	0.5819	
-0.999819	-4.50605e-06	-0.0190447	0.000128311	-0.999979	-0.00649952	-0.0190442	-0.00650079	0.999798	-0.766276	0.0177594	0.582016	
-0.999815	-4.505e-06	-0.0192128	0.000129684	-0.999979	-0.00651417	-0.0192124	-0.00651546	0.999794	-0.766261	0.01776	0.582132	
-0.999812	-4.50395e-06	-0.0193828	0.000131083	-0.999979	-0.00652919	-0.0193824	-0.0065305	0.999791	-0.766246	0.0177606	0.582249	
-0.999809	-4.50287e-06	-0.0195548	0.000132506	-0.999979	-0.00654457	-0.0195543	-0.00654591	0.999787	-0.766231	0.0177612	0.582367	
-0.999805	-4.50179e-06	-0.0197287	0.000133954	-0.999978	-0.00656032	-0.0197282	-0.00656168	0.999784	-0.766217	0.0177618	0.582486	
-0.999802	-4.50068e-06	-0.0199044	0.000135427	-0.999978	-0.00657641	-0.019904	-0.00657781	0.99978	-0.766202	0.0177624	0.582606	
-0.999798	-4.49956e-06	-0.0200821	0.000136926	-0.999978	-0.00659286	-0.0200817	-0.00659428	0.999777	-0.766187	0.0177631	0.582726	
-0.999795	-4.49841e-06	-0.0202617	0.00013845	-0.999978	-0.00660966	-0.0202613	-0.00661111	0.999773	-0.766172	0.0177638	0.582847	
-0.999791	-4.49724e-06	-0.0204432	0.00014	-0.999978	-0.0066268	-0.0204428	-0.00662828	0.999769	-0.766157	0.0177645	0.582968	
-0.999787	-4.49605e-06	-0.0206267	0.000141575	-0.999978	-0.00664428	-0.0206262	-0.00664578	0.999765	-0.766143	0.0177652	0.58309	
-0.999783	-4.49483e-06	-0.020812	0.000143177	-0.999978	-0.00666209	-0.0208115	-0.00666362	0.999761	-0.766128	0.0177659	0.583213	
-0.999779	-4.49358e-06	-0.0209992	0.000144805	-0.999978	-0.00668023	-0.0209988	-0.0066818	0.999757	-0.766113	0.0177666	0.583337	
-0.999776	-4.49231e-06	-0.0211884	0.00014646	-0.999978	-0.0066987	-0.0211879	-0.0067003	0.999753	-0.766098	0.0177673	0.583461	
-0.999771	-4.491e-06	-0.0213795	0.000148141	-0.999977	-0.0067175	-0.0213789	-0.00671913	0.999749	-0.766084	0.0177681	0.583587	
-0.999767	-4.48967e-06	-0.0215724	0.00014985	-0.999977	-0.00673661	-0.0215719	-0.00673828	0.999745	-0.766069	0.0177688	0.583712	
-0.999763	-4.48831e-06	-0.0217673	0.000151585	-0.999977	-0.00675605	-0.0217668	-0.00675775	0.99974	-0.766054	0.0177696	0.583839	
-0.999759	-4.48692e-06	-0.0219641	0.000153348	-0.999977	-0.0067758	-0.0219635	-0.00677754	0.999736	-0.766039	0.0177704	0.583966	
-0.999754	-4.4855e-06	-0.0221627	0.000155138	-0.999977	-0.00679587	-0.0221622	-0.00679764	0.999731	-0.766025	0.0177712	0.584094	
-0.99975	-4.48405e-06	-0.0223633	0.000156957	-0.999977	-0.00681624	-0.0223628	-0.00681805	0.999727	-0.76601	0.017772	0.584223	
-0.999745	-4.48257e-06	-0.0225658	0.000158803	-0.999977	-0.00683692	-0.0225652	-0.00683877	0.999722	-0.765995	0.0177728	0.584352	
-0.999741	-4.48106e-06	-0.0227701	0.000160678	-0.999976	-0.00685791	-0.0227696	-0.00685979	0.999717	-0.765981	0.0177737	0.584482	
-0.999736	-4.47951e-06	-0.0229764	0.000162582	-0.999976	-0.0068792	-0.0229758	-0.00688112	0.999712	-0.765966	0.0177745	0.584613	
-0.999731	-4.47794e-06	-0.0231846	0.000164514	-0.999976	-0.00690079	-0.023184	-0.00690274	0.999707	-0.765952	0.0177754	0.584744	
-0.999726	-4.47633e-06	-0.0233946	0.000166475	-0.999976	-0.00692267	-0.023394	-0.00692467	0.999702	-0.765937	0.0177763	0.584876	
-0.999721	-4.47469e-06	-0.0236066	0.000168466	-0.999976	-0.00694485	-0.023606	-0.00694689	0.999697	-0.765923	0.0177772	0.585009	
