0.924766	0.300578	-0.233366	0.380527	-0.726485	0.572204	0.0024548	-0.617958	-0.786208	0.0132933	0.637423	1.21369	
0.885471	0.348222	-0.307706	0.464509	-0.681981	0.564919	-0.013132	-0.643152	-0.765626	0.000341322	0.627734	1.22145	
0.837348	0.394351	-0.378597	0.546182	-0.632777	0.548889	-0.0231129	-0.666394	-0.745242	-0.0105309	0.615919	1.22844	
0.78072	0.438502	-0.445188	0.624267	-0.578899	0.524563	-0.0276965	-0.687453	-0.7257	-0.0191177	0.602254	1.2345	
