2.33487e-16	1	-2.33487e-16	1	-2.33487e-16	-6.12323e-17	-6.12323e-17	-2.33487e-16	-1	-0.525	-0.1529	0.442	
0.0391081	0.995711	-0.0838461	0.999225	-0.0393534	-0.00127421	-0.00456837	-0.0837313	-0.996478	-0.53987	-0.15531	0.44783	
0.0769931	0.982939	-0.167041	0.996866	-0.0789473	-0.00508005	-0.0181808	-0.166127	-0.985937	-0.554528	-0.158259	0.455284	
0.11246	0.961968	-0.24894	0.992828	-0.119009	-0.0113674	-0.0405613	-0.245876	-0.968452	-0.568823	-0.161735	0.464346	
0.14437	0.933262	-0.328908	0.986955	-0.159743	-0.0200532	-0.0712556	-0.321722	-0.944149	-0.582606	-0.165717	0.474984	
0.171665	0.897458	-0.406325	0.979035	-0.201314	-0.0310225	-0.109641	-0.392481	-0.913202	-0.595731	-0.170178	0.487157	
0.193396	0.855351	-0.480596	0.96881	-0.243844	-0.0441296	-0.154937	-0.457072	-0.875831	-0.608058	-0.175082	0.500811	
0.20874	0.807875	-0.551149	0.955981	-0.287395	-0.0591993	-0.206223	-0.51453	-0.832304	-0.619452	-0.180389	0.515884	
0.217025	0.756085	-0.617443	0.940222	-0.331968	-0.0760291	-0.262456	-0.564033	-0.782933	-0.629787	-0.186048	0.532302	
0.217743	0.701129	-0.678974	0.921189	-0.377493	-0.0943912	-0.322489	-0.604911	-0.728069	-0.638945	-0.192005	0.549979	
0.21056	0.644229	-0.735278	0.898535	-0.423829	-0.114035	-0.385097	-0.636662	-0.668104	-0.646815	-0.198202	0.568823	
0.195332	0.586648	-0.785932	0.87192	-0.470759	-0.134688	-0.448999	-0.658961	-0.603465	-0.6533	-0.204572	0.588733	
0.172102	0.529668	-0.830562	0.841029	-0.517991	-0.156063	-0.512885	-0.671668	-0.534614	-0.658311	-0.211047	0.609598	
0.141105	0.474555	-0.868842	0.805579	-0.565163	-0.177857	-0.57544	-0.674825	-0.462039	-0.661774	-0.217555	0.631303	
0.102762	0.422535	-0.900502	0.765338	-0.611847	-0.199754	-0.635372	-0.668661	-0.386256	-0.663625	-0.22402	0.653725	
0.0464002	0.37926	-0.924126	0.734035	-0.640415	-0.225969	-0.677525	-0.667856	-0.308105	-0.665632	-0.239066	0.67072	
-0.0135711	0.339094	-0.940655	0.698637	-0.669803	-0.251535	-0.715348	-0.66059	-0.227813	-0.665779	-0.253885	0.688221	
-0.0765213	0.302682	-0.950015	0.659032	-0.699645	-0.275995	-0.748212	-0.64721	-0.145939	-0.664051	-0.268365	0.706096	
-0.141753	0.270598	-0.952199	0.615174	-0.729534	-0.298901	-0.775543	-0.628138	-0.0630514	-0.660446	-0.282395	0.72421	
-0.208512	0.24334	-0.947264	0.567084	-0.759036	-0.319813	-0.79683	-0.603863	0.0202741	-0.654982	-0.295869	0.742427	
-0.276001	0.221316	-0.93533	0.514859	-0.787697	-0.33831	-0.81163	-0.574937	0.103458	-0.647687	-0.308682	0.76061	
-0.343388	0.204844	-0.916583	0.458671	-0.815053	-0.35399	-0.819576	-0.541966	0.185923	-0.638607	-0.320737	0.778621	
-0.409824	0.194145	-0.891264	0.398766	-0.840641	-0.36648	-0.820384	-0.505598	0.267097	-0.627802	-0.33194	0.796326	
-0.474454	0.189342	-0.859676	0.335466	-0.864007	-0.375439	-0.813853	-0.466521	0.346413	-0.615345	-0.342208	0.81359	
-0.536429	0.190456	-0.822174	0.269166	-0.884716	-0.380561	-0.799871	-0.425445	0.423323	-0.601323	-0.351465	0.830283	
-0.594922	0.197409	-0.779164	0.200327	-0.902366	-0.381581	-0.778419	-0.383099	0.497292	-0.585833	-0.359645	0.846279	
-0.645411	0.14987	-0.748989	0.176528	-0.924751	-0.337155	-0.743158	-0.349821	0.570388	-0.585377	-0.325956	0.859282	
-0.695507	0.1053	-0.710762	0.157551	-0.94278	-0.293843	-0.701033	-0.316352	0.63912	-0.581676	-0.292526	0.871128	
-0.744219	0.0639721	-0.664865	0.143364	-0.956905	-0.252547	-0.652368	-0.283268	0.702976	-0.574838	-0.259645	0.881696	
-0.790584	0.0260569	-0.611799	0.133799	-0.967603	-0.214109	-0.597557	-0.251129	0.761485	-0.565004	-0.227591	0.890875	
-0.833688	-0.00837787	-0.552173	0.128559	-0.975358	-0.179304	-0.537064	-0.220471	0.814221	-0.552345	-0.196619	0.898566	
-0.872686	-0.039364	-0.486693	0.12723	-0.980645	-0.14882	-0.471415	-0.191795	0.860804	-0.537061	-0.166964	0.904679	
-0.906822	-0.0670278	-0.41615	0.129286	-0.983918	-0.123248	-0.401197	-0.165567	0.900904	-0.519373	-0.138833	0.909138	
-0.924591	0.00514325	-0.380928	0.0459097	-0.991117	-0.124814	-0.378186	-0.13289	0.916142	-0.514474	-0.135456	0.902428	
-0.935111	0.0794369	-0.345337	-0.0383636	-0.991516	-0.124194	-0.352273	-0.102887	0.930225	-0.509233	-0.13146	0.895458	
-0.938168	0.155099	-0.309492	-0.122812	-0.984985	-0.121336	-0.323664	-0.075824	0.943129	-0.503677	-0.126837	0.888229	
-0.933633	0.231356	-0.273503	-0.206694	-0.971481	-0.116203	-0.292587	-0.0519592	0.954826	-0.497836	-0.121583	0.880737	
-0.921462	0.307423	-0.237485	-0.289261	-0.95105	-0.108771	-0.259299	-0.0315338	0.965282	-0.491738	-0.115696	0.87298	
-0.901698	0.382516	-0.20155	-0.369769	-0.923831	-0.0990339	-0.22408	-0.014772	0.974459	-0.485413	-0.109178	0.864952	
-0.87447	0.455861	-0.165809	-0.447487	-0.890049	-0.0869958	-0.187236	-0.00187782	0.982313	-0.47889	-0.102036	0.856648	
-0.843327	0.525818	-0.110973	-0.51976	-0.850539	-0.0802064	-0.136561	-0.00996059	0.990582	-0.456052	-0.0880416	0.857347	
-0.803637	0.592462	-0.056185	-0.588468	-0.805181	-0.0734134	-0.0887337	-0.0259346	0.995718	-0.432959	-0.0744352	0.857055	
-0.755861	0.65473	-0.00166593	-0.653193	-0.754256	-0.0666088	-0.0448673	-0.0492588	0.997778	-0.409683	-0.0612199	0.85579	
-0.7006	0.71163	0.0523668	-0.713529	-0.698071	-0.0597751	-0.00598205	-0.0792437	0.996837	-0.386295	-0.0483952	0.853576	
-0.638577	0.762264	0.105704	-0.769084	-0.636956	-0.0528867	0.0270149	-0.115067	0.99299	-0.362866	-0.0359578	0.850442	
-0.570623	0.805841	0.158144	-0.819477	-0.57127	-0.0459101	0.0533466	-0.155793	0.986348	-0.339461	-0.0239014	0.846421	
-0.480048	0.869185	0.11862	-0.876317	-0.481345	-0.0193589	0.0402706	-0.113242	0.992751	-0.365901	-0.0158943	0.826385	
-0.441468	0.891261	0.103733	-0.896733	-0.442266	-0.0164332	0.0312315	-0.100276	0.994469	-0.375309	-0.0115571	0.826831	
-0.401806	0.911403	0.0888572	-0.915421	-0.402277	-0.0133417	0.0235855	-0.0867025	0.995955	-0.384693	-0.00711673	0.82713	
-0.287865	0.954523	0.0775911	-0.957614	-0.287786	-0.0124327	0.0104623	-0.0778812	0.996908	-0.386105	-0.00621803	0.826957	
-0.169388	0.983309	0.0664129	-0.985549	-0.168972	-0.0118783	-0.000458188	-0.0674652	0.997722	-0.387564	-0.00527769	0.826783	
-0.100226	0.993616	0.0517816	-0.994965	-0.100116	-0.00472441	0.000489889	-0.0519944	0.998647	-0.393395	-0.00464317	0.817859	
-0.0305958	0.998849	0.036934	-0.999526	-0.0306999	0.00225635	0.00338762	-0.0368475	0.999315	-0.399122	-0.00409279	0.808872	
5.62237e-08	1	1.13157e-08	-1	5.62237e-08	-1.00633e-08	-1.00633e-08	-1.13157e-08	1	-0.4145	-0.0045	0.802	
