-1	-7.74902e-05	1.82032e-05	-7.74904e-05	1	-1.14121e-05	-1.82023e-05	-1.14135e-05	-1	-0.776902	0.028501	0.611999	
-1	-0.00074905	0.000210306	-0.000749078	1	-0.000135749	-0.000210204	-0.000135906	-1	-0.776916	0.0285159	0.611983	
-0.999999	-0.00125608	0.000400488	-0.00125619	0.999999	-0.000255802	-0.000400166	-0.000256305	-1	-0.776917	0.0285335	0.611968	
-0.999999	-0.00162796	0.000588713	-0.00162817	0.999999	-0.000371617	-0.000588107	-0.000372575	-1	-0.776908	0.0285532	0.611954	
-0.999998	-0.00188926	0.000774957	-0.00188964	0.999998	-0.000483223	-0.000774042	-0.000484687	-1	-0.77689	0.0285745	0.61194	
-0.999997	-0.00206057	0.000959204	-0.00206114	0.999998	-0.00059064	-0.000957985	-0.000592615	-0.999999	-0.776865	0.0285968	0.611928	
-0.999997	-0.00215907	0.00114144	-0.00215986	0.999997	-0.000693877	-0.00113994	-0.00069634	-0.999999	-0.776835	0.0286198	0.611917	
-0.999997	-0.00219909	0.00132167	-0.00220013	0.999997	-0.000792939	-0.00131992	-0.000795845	-0.999999	-0.7768	0.0286431	0.611906	
-0.999996	-0.00219256	0.00149988	-0.0021939	0.999997	-0.000887826	-0.00149793	-0.000891113	-0.999998	-0.776761	0.0286665	0.611897	
-0.999996	-0.00214941	0.00167607	-0.00215106	0.999997	-0.000978532	-0.00167396	-0.000982134	-0.999998	-0.776719	0.0286897	0.611888	
-0.999996	-0.00207786	0.00185024	-0.00207984	0.999997	-0.00106505	-0.00184802	-0.0010689	-0.999998	-0.776675	0.0287125	0.611881	
-0.999996	-0.00198471	0.0020224	-0.00198703	0.999997	-0.00114738	-0.00202012	-0.00115139	-0.999997	-0.776629	0.0287348	0.611874	
-0.999996	-0.00187555	0.00219255	-0.00187824	0.999997	-0.00122549	-0.00219024	-0.00122961	-0.999997	-0.776582	0.0287565	0.611868	
-0.999996	-0.001755	0.00236068	-0.00175807	0.999998	-0.0012994	-0.0023584	-0.00130354	-0.999996	-0.776534	0.0287774	0.611864	
-0.999995	-0.00162681	0.00252681	-0.00163027	0.999998	-0.00136908	-0.00252458	-0.00137319	-0.999996	-0.776485	0.0287975	0.61186	
-0.999995	-0.00149405	0.00269094	-0.00149792	0.999998	-0.00143452	-0.00268879	-0.00143854	-0.999995	-0.776435	0.0288167	0.611858	
-0.999995	-0.0013592	0.00285306	-0.00136347	0.999998	-0.00149571	-0.00285102	-0.00149959	-0.999995	-0.776385	0.0288348	0.611856	
-0.999995	-0.00122424	0.00301318	-0.00122892	0.999998	-0.00155265	-0.00301128	-0.00155634	-0.999994	-0.776335	0.028852	0.611855	
-0.999994	-0.00109076	0.00317131	-0.00109585	0.999998	-0.00160531	-0.00316955	-0.00160878	-0.999994	-0.776285	0.028868	0.611855	
-0.999994	-0.000959995	0.00332744	-0.000965502	0.999998	-0.0016537	-0.00332584	-0.00165691	-0.999993	-0.776234	0.028883	0.611857	
-0.999994	-0.000832918	0.00348157	-0.000838833	0.999998	-0.00169781	-0.00348015	-0.00170072	-0.999992	-0.776184	0.0288969	0.611859	
-0.999993	-0.000710259	0.00363372	-0.000716576	0.999998	-0.00173761	-0.00363248	-0.00174021	-0.999992	-0.776134	0.0289096	0.611862	
-0.999993	-0.000592559	0.00378387	-0.000599272	0.999998	-0.00177312	-0.00378281	-0.00177537	-0.999991	-0.776084	0.0289212	0.611866	
-0.999992	-0.000479516	0.00387829	-0.000486487	0.999998	-0.00179676	-0.00387742	-0.00179864	-0.999991	-0.776051	0.028929	0.611868	
-0.999992	-0.000372195	0.00391444	-0.000379275	0.999998	-0.00180818	-0.00391376	-0.00180965	-0.999991	-0.776035	0.028933	0.611867	
-0.999992	-0.000271433	0.00394162	-0.000278586	0.999998	-0.00181428	-0.00394113	-0.00181537	-0.999991	-0.776021	0.0289358	0.611866	
-0.999992	-0.000177194	0.00395782	-0.000184377	0.999998	-0.00181477	-0.0039575	-0.00181549	-0.999991	-0.77601	0.0289372	0.611866	
-0.999992	-8.9416e-05	0.00396303	-9.65883e-05	0.999998	-0.00180964	-0.00396286	-0.00181001	-0.999991	-0.776002	0.0289371	0.611866	
-0.999992	-7.71908e-06	0.00395732	-1.48384e-05	0.999998	-0.001799	-0.0039573	-0.00179905	-0.999991	-0.775997	0.0289357	0.611866	
-0.999992	7.38238e-05	0.00394337	6.67823e-05	0.999998	-0.00178575	-0.00394349	-0.00178547	-0.999991	-0.775994	0.0289338	0.611867	
-0.999992	0.000153772	0.00392484	0.000146821	0.999998	-0.00177114	-0.00392511	-0.00177055	-0.999991	-0.775939	0.0288783	0.611867	
-0.999992	0.000231036	0.00390086	0.000224195	0.999998	-0.00175415	-0.00390126	-0.00175327	-0.999991	-0.775758	0.0286944	0.611868	
-0.999992	0.000305709	0.00387094	0.000298994	0.999998	-0.00173498	-0.00387146	-0.00173381	-0.999991	-0.775479	0.02841	0.61187	
-0.999993	0.000377755	0.00383475	0.000371185	0.999998	-0.00171379	-0.00383539	-0.00171236	-0.999991	-0.775126	0.0280491	0.611871	
-0.999993	0.000447083	0.00379202	0.000440674	0.999998	-0.00169076	-0.00379277	-0.00168907	-0.999991	-0.774718	0.0276316	0.611872	
-0.999993	0.000513562	0.0037425	0.00050733	0.999998	-0.00166599	-0.00374335	-0.00166408	-0.999992	-0.774273	0.027174	0.611874	
-0.999993	0.00057696	0.00368606	0.00057092	0.999998	-0.00163957	-0.003687	-0.00163745	-0.999992	-0.773803	0.0266895	0.611876	
-0.999993	0.000637269	0.00362248	0.000631434	0.999999	-0.0016116	-0.0036235	-0.0016093	-0.999992	-0.773321	0.026189	0.611878	
-0.999993	0.000694329	0.00355164	0.000688714	0.999999	-0.00158215	-0.00355273	-0.00157969	-0.999992	-0.772833	0.0256812	0.611881	
-0.999994	0.000747939	0.00347348	0.000742554	0.999999	-0.00155124	-0.00347463	-0.00154865	-0.999993	-0.772347	0.025173	0.611883	
-0.999994	0.000798209	0.00338782	0.000793067	0.999999	-0.00151896	-0.00338902	-0.00151626	-0.999993	-0.77187	0.0246701	0.611886	
-0.999994	0.000844951	0.00329464	0.000840061	0.999999	-0.00148531	-0.00329589	-0.00148253	-0.999993	-0.771404	0.0241767	0.611889	
-0.999995	0.000888126	0.00319389	0.000883498	0.999999	-0.0014503	-0.00319517	-0.00144747	-0.999994	-0.770954	0.0236962	0.611892	
-0.999995	0.000927612	0.00308559	0.000923253	0.999999	-0.00141393	-0.0030869	-0.00141107	-0.999994	-0.770522	0.0232311	0.611895	
-0.999995	0.000963611	0.00296961	0.000959527	0.999999	-0.00137624	-0.00297094	-0.00137339	-0.999995	-0.770109	0.0227832	0.611899	
-0.999995	0.000996141	0.00284595	0.000992338	0.999999	-0.00133724	-0.00284728	-0.00133441	-0.999995	-0.769718	0.0223539	0.611903	
-0.999996	0.00102504	0.00271469	0.00102153	0.999999	-0.00129686	-0.00271601	-0.00129408	-0.999995	-0.769348	0.0219438	0.611906	
-0.999996	0.00105048	0.00257578	0.00104725	0.999999	-0.00125512	-0.0025771	-0.00125242	-0.999996	-0.769001	0.0215536	0.611911	
-0.999996	0.00107253	0.00242923	0.00106959	0.999999	-0.00121201	-0.00243053	-0.0012094	-0.999996	-0.768676	0.0211833	0.611915	
-0.999997	0.00109126	0.00227505	0.00108861	0.999999	-0.00116751	-0.00227632	-0.00116503	-0.999997	-0.768374	0.0208328	0.61192	
-0.999997	0.00110691	0.00211321	0.00110454	0.999999	-0.00112163	-0.00211445	-0.0011193	-0.999997	-0.768093	0.0205019	0.611924	
-0.999997	0.00111926	0.00194386	0.00111717	0.999999	-0.00107428	-0.00194506	-0.00107211	-0.999998	-0.767834	0.0201902	0.611929	
-0.999998	0.00112295	0.00177023	0.00112114	0.999999	-0.00102371	-0.00177138	-0.00102172	-0.999998	-0.767595	0.0198967	0.611935	
-0.999998	0.00111635	0.00159433	0.00111481	0.999999	-0.000968829	-0.00159541	-0.00096705	-0.999998	-0.767374	0.0196205	0.611942	
-0.999998	0.00110141	0.00141615	0.00110012	0.999999	-0.000909655	-0.00141715	-0.000908096	-0.999999	-0.767171	0.0193609	0.61195	
-0.999999	0.00107973	0.00123567	0.00107869	0.999999	-0.00084619	-0.00123659	-0.000844856	-0.999999	-0.766984	0.0191173	0.611958	
-0.999999	0.00105266	0.00105291	0.00105184	0.999999	-0.000778438	-0.00105373	-0.00077733	-0.999999	-0.766815	0.0188889	0.611968	
-0.999999	0.00102131	0.000867846	0.0010207	0.999999	-0.000706401	-0.000868567	-0.000705515	-0.999999	-0.76666	0.0186751	0.611979	
-0.999999	0.000986604	0.000680484	0.000986175	0.999999	-0.000630082	-0.000681105	-0.00062941	-1	-0.766521	0.0184749	0.611991	
-0.999999	0.000949293	0.000490819	0.000949023	0.999999	-0.000549481	-0.00049134	-0.000549015	-1	-0.766395	0.0182878	0.612003	
-1	0.000910004	0.000298846	0.000909865	0.999999	-0.000464598	-0.000299269	-0.000464326	-1	-0.766283	0.0181129	0.612017	
-1	0.000869247	0.000104564	0.000869208	1	-0.000375435	-0.00010489	-0.000375344	-1	-0.766183	0.0179496	0.612032	
-1	0.000827438	-9.20325e-05	0.000827464	1	-0.00028199	9.17991e-05	-0.000282066	-1	-0.766096	0.0177972	0.612047	
-1	0.000784913	-0.000290945	0.000784967	1	-0.000184263	0.0002908	-0.000184492	-1	-0.766019	0.0176549	0.612064	
-1	0.000741942	-0.000492177	0.000741982	1	-8.22539e-05	0.000492116	-8.26191e-05	-1	-0.765953	0.0175221	0.612082	
-1	0.000142696	-0.000653085	0.000142918	1	-0.000340494	0.000653036	-0.000340587	-1	-0.765921	0.0175033	0.612072	
-1	-0.000292215	-0.000824606	-0.000291676	1	-0.000653838	0.000824796	-0.000653598	-0.999999	-0.765906	0.0175061	0.61206	
-0.999999	-0.00049968	-0.00106657	-0.000498649	0.999999	-0.000967202	0.00106705	-0.00096667	-0.999999	-0.76592	0.0175147	0.612047	
-0.999999	-0.000637778	-0.00131089	-0.000636105	0.999999	-0.00127663	0.00131171	-0.00127579	-0.999998	-0.765942	0.0175276	0.612035	
-0.999999	-0.000719432	-0.00155762	-0.000716968	0.999998	-0.00158209	0.00155875	-0.00158097	-0.999998	-0.765971	0.0175448	0.612024	
-0.999998	-0.000755439	-0.00180676	-0.000752036	0.999998	-0.00188359	0.00180818	-0.00188222	-0.999997	-0.766008	0.0175663	0.612014	
-0.999998	-0.000754805	-0.00205832	-0.000750315	0.999997	-0.0021811	0.00205996	-0.00217955	-0.999996	-0.76605	0.0175918	0.612004	
-0.999997	-0.000725029	-0.0023123	-0.000719307	0.999997	-0.00247464	0.00231409	-0.00247297	-0.999994	-0.7661	0.0176214	0.611996	
-0.999996	-0.000672346	-0.00256872	-0.000665245	0.999996	-0.00276419	0.00257057	-0.00276247	-0.999993	-0.766154	0.0176548	0.611989	
-0.999996	-0.000601923	-0.00282757	-0.000593299	0.999995	-0.00304976	0.00282939	-0.00304807	-0.999991	-0.766214	0.0176918	0.611982	
-0.999995	-0.000518033	-0.00308884	-0.000507743	0.999994	-0.00333134	0.00309055	-0.00332976	-0.99999	-0.76628	0.0177323	0.611977	
-0.999994	-0.000424202	-0.00335253	-0.000412102	0.999993	-0.00360894	0.00335404	-0.00360754	-0.999988	-0.766349	0.0177759	0.611972	
-0.999993	-0.000323322	-0.00361863	-0.000309272	0.999992	-0.00388256	0.00361986	-0.00388142	-0.999986	-0.766424	0.0178226	0.611968	
-0.999992	-0.000217762	-0.00388715	-0.000201622	0.999991	-0.0041522	0.00388802	-0.00415139	-0.999984	-0.766502	0.017872	0.611966	
-0.999991	-0.000109449	-0.00415807	-9.10785e-05	0.99999	-0.00441786	0.00415852	-0.00441745	-0.999982	-0.766584	0.0179241	0.611964	
-0.99999	5.99512e-08	-0.00443139	2.07971e-05	0.999989	-0.00467955	0.00443134	-0.0046796	-0.999979	-0.766669	0.0179784	0.611963	
-0.999989	0.000109512	-0.00470711	0.000132752	0.999988	-0.00493726	0.00470651	-0.00493783	-0.999977	-0.766758	0.0180349	0.611962	
-0.999988	0.000217912	-0.00498521	0.00024379	0.999986	-0.00519101	0.00498401	-0.00519216	-0.999974	-0.766849	0.0180934	0.611963	
-0.999986	0.000324475	-0.0052657	0.000353125	0.999985	-0.00544078	0.00526386	-0.00544256	-0.999971	-0.766943	0.0181536	0.611965	
-0.999985	0.000428596	-0.00554857	0.000460149	0.999984	-0.00568658	0.00554604	-0.00568904	-0.999968	-0.76704	0.0182153	0.611967	
-0.999983	0.000529812	-0.00583382	0.000564398	0.999982	-0.00592841	0.00583057	-0.0059316	-0.999965	-0.767139	0.0182784	0.611971	
-0.999981	0.000627781	-0.00612144	0.000665528	0.999981	-0.00616628	0.00611745	-0.00617023	-0.999962	-0.76724	0.0183427	0.611975	
-0.999979	0.000722261	-0.00641143	0.000763296	0.999979	-0.00640017	0.00640667	-0.00640493	-0.999959	-0.767343	0.0184081	0.61198	
-0.999977	0.000813087	-0.00670379	0.000857536	0.999978	-0.0066301	0.00669825	-0.0066357	-0.999956	-0.767448	0.0184743	0.611987	
-0.999975	0.000900164	-0.00699852	0.000948149	0.999976	-0.00685606	0.00699219	-0.00686253	-0.999952	-0.767554	0.0185412	0.611994	
-0.999973	0.000983447	-0.00729562	0.00103509	0.999974	-0.00707806	0.00728847	-0.00708542	-0.999948	-0.767662	0.0186087	0.612002	
-0.999971	0.00106293	-0.00759509	0.00111835	0.999973	-0.00729608	0.00758712	-0.00730436	-0.999945	-0.767771	0.0186767	0.61201	
-0.999968	0.00113866	-0.00789691	0.00119797	0.999971	-0.00751013	0.00788813	-0.00751935	-0.999941	-0.767882	0.018745	0.61202	
-0.999969	0.000846537	-0.00780314	0.000907023	0.99997	-0.00775117	0.00779634	-0.00775801	-0.99994	-0.76788	0.0188196	0.612034	
-0.99997	0.000639295	-0.00770835	0.000700869	0.999968	-0.00798783	0.007703	-0.00799299	-0.999938	-0.76788	0.0188946	0.612049	
-0.999971	0.000501259	-0.00761609	0.000563862	0.999966	-0.00821998	0.00761172	-0.00822404	-0.999937	-0.767881	0.0189698	0.612064	
-0.999972	0.000419382	-0.00752629	0.000482961	0.999964	-0.00844773	0.00752248	-0.00845112	-0.999936	-0.767883	0.0190451	0.612081	
-0.999972	0.000382777	-0.00743888	0.000447279	0.999962	-0.00867117	0.00743529	-0.00867425	-0.999935	-0.767887	0.0191203	0.612098	
-0.999973	0.000376944	-0.00734923	0.000442281	0.99996	-0.00889071	0.00734559	-0.00889372	-0.999933	-0.76789	0.0191953	0.612117	
-0.999974	0.000387428	-0.00724846	0.000453436	0.999958	-0.00910708	0.00724463	-0.00911012	-0.999932	-0.767889	0.0192703	0.612136	
-0.999974	0.00042056	-0.007146	0.000487152	0.999956	-0.00931957	0.00714177	-0.00932281	-0.999931	-0.767888	0.0193451	0.612157	
-0.999975	0.000472216	-0.0070426	0.000539311	0.999954	-0.00952817	0.00703778	-0.00953173	-0.99993	-0.767887	0.0194194	0.612178	
-0.999976	0.000538822	-0.00693895	0.000606347	0.999952	-0.00973284	0.00693337	-0.00973681	-0.999929	-0.767885	0.0194932	0.612201	
-0.999976	0.000557064	-0.00691005	0.000624179	0.999953	-0.00971438	0.00690432	-0.00971846	-0.999929	-0.767885	0.0195019	0.612237	
-0.999976	0.000576377	-0.00690117	0.000642851	0.999953	-0.00963401	0.00689529	-0.00963822	-0.99993	-0.767885	0.0194959	0.612277	
-0.999976	0.000609404	-0.00689315	0.000675219	0.999954	-0.00954959	0.00688702	-0.00955401	-0.999931	-0.767884	0.0194918	0.612317	
-0.999976	0.000652889	-0.00688652	0.00071803	0.999955	-0.00946101	0.00688003	-0.00946573	-0.999932	-0.767883	0.0194891	0.612359	
-0.999976	0.000675224	-0.0068865	0.000739671	0.999956	-0.00936018	0.00687987	-0.00936505	-0.999932	-0.767882	0.0194848	0.612403	
-0.999976	0.000700508	-0.00688973	0.000764243	0.999957	-0.00925238	0.00688295	-0.00925743	-0.999933	-0.767881	0.0194804	0.612447	
-0.999976	0.000736346	-0.00689491	0.000799355	0.999958	-0.00914029	0.00688789	-0.00914558	-0.999934	-0.767881	0.0194763	0.612492	
-0.999976	0.000779857	-0.00690225	0.00084213	0.999959	-0.00902387	0.00689492	-0.00902946	-0.999935	-0.767879	0.0194721	0.612539	
-0.999976	0.000828544	-0.00691173	0.000890069	0.99996	-0.00890312	0.00690407	-0.00890906	-0.999936	-0.767878	0.0194678	0.612586	
-0.999976	0.000880368	-0.00692334	0.00094113	0.999961	-0.00877807	0.00691534	-0.00878438	-0.999938	-0.767876	0.0194631	0.612635	
-0.999976	0.000933678	-0.00693707	0.000993664	0.999962	-0.00864872	0.00692873	-0.00865541	-0.999939	-0.767874	0.0194577	0.612684	
-0.999975	0.000987152	-0.0069529	0.00104635	0.999963	-0.00851508	0.00694424	-0.00852215	-0.99994	-0.767872	0.0194516	0.612735	
-0.999975	0.00103974	-0.00697083	0.00109812	0.999964	-0.00837715	0.00696188	-0.00838459	-0.999941	-0.767869	0.0194447	0.612786	
-0.999975	0.0010906	-0.00699086	0.00114816	0.999965	-0.00823492	0.00698164	-0.00824274	-0.999942	-0.767866	0.0194368	0.612838	
-0.999975	0.00113911	-0.00701299	0.00119583	0.999967	-0.00808841	0.00700354	-0.0080966	-0.999943	-0.767863	0.0194278	0.612892	
-0.999975	0.00118477	-0.0070372	0.00124062	0.999968	-0.00793762	0.00702757	-0.00794614	-0.999944	-0.767859	0.0194178	0.612946	
-0.999974	0.00122723	-0.00706351	0.00128219	0.999969	-0.00778253	0.00705374	-0.00779139	-0.999945	-0.767854	0.0194065	0.613002	
-0.999974	0.00126622	-0.00709191	0.00132028	0.99997	-0.00762316	0.00708204	-0.00763232	-0.999946	-0.767849	0.019394	0.613058	
-0.999974	0.00130157	-0.0071224	0.0013547	0.999971	-0.0074595	0.00711249	-0.00746895	-0.999947	-0.767844	0.0193803	0.613116	
-0.999974	0.00133319	-0.007155	0.00138536	0.999972	-0.00729154	0.00714508	-0.00730126	-0.999948	-0.767838	0.0193653	0.613175	
-0.999973	0.00136102	-0.00718969	0.00141221	0.999974	-0.00711929	0.00717981	-0.00712925	-0.999949	-0.767832	0.0193489	0.613234	
-0.999973	0.00138507	-0.00722649	0.00143525	0.999975	-0.00694274	0.0072167	-0.00695292	-0.99995	-0.767825	0.0193311	0.613295	
-0.999973	0.00140537	-0.00726541	0.0014545	0.999976	-0.00676189	0.00725573	-0.00677227	-0.999951	-0.767818	0.019312	0.613356	
-0.999972	0.00142197	-0.00730643	0.00147003	0.999977	-0.00657674	0.00729692	-0.00658729	-0.999952	-0.767811	0.0192915	0.613419	
-0.999972	0.00143497	-0.00734958	0.00148192	0.999979	-0.00638727	0.00734026	-0.00639799	-0.999953	-0.767803	0.0192696	0.613483	
-0.999972	0.00144445	-0.00739485	0.00149027	0.99998	-0.0061935	0.00738575	-0.00620435	-0.999953	-0.767794	0.0192463	0.613547	
-0.999971	0.00145054	-0.00744225	0.00149517	0.999981	-0.00599542	0.00743341	-0.00600637	-0.999954	-0.767785	0.0192215	0.613613	
-0.999971	0.00145334	-0.00749178	0.00149676	0.999982	-0.00579302	0.00748323	-0.00580406	-0.999955	-0.767775	0.0191954	0.61368	
-0.99997	0.00145299	-0.00754345	0.00149515	0.999983	-0.00558629	0.00753521	-0.00559741	-0.999956	-0.767765	0.0191678	0.613748	
-0.99997	0.00144961	-0.00759726	0.00149047	0.999984	-0.00537525	0.00758935	-0.00538641	-0.999957	-0.767755	0.0191387	0.613817	
-0.99997	0.00144333	-0.00765323	0.00148284	0.999986	-0.00515987	0.00764567	-0.00517107	-0.999957	-0.767743	0.0191083	0.613886	
-0.999969	0.00143427	-0.00771134	0.00147239	0.999987	-0.00494017	0.00770415	-0.00495137	-0.999958	-0.767732	0.0190764	0.613957	
-0.999969	0.00142257	-0.00777162	0.00145925	0.999988	-0.00471613	0.00776481	-0.00472733	-0.999959	-0.76772	0.019043	0.614029	
-0.999968	0.00140834	-0.00783405	0.00144353	0.999989	-0.00448776	0.00782765	-0.00449893	-0.999959	-0.767707	0.0190083	0.614102	
-0.999968	0.00139172	-0.00789866	0.00142536	0.99999	-0.00425505	0.00789266	-0.00426617	-0.99996	-0.767694	0.018972	0.614176	
-0.999967	0.0013728	-0.00796544	0.00140484	0.999991	-0.00401799	0.00795985	-0.00402905	-0.99996	-0.767681	0.0189344	0.614251	
-0.999967	0.00135172	-0.00803439	0.0013821	0.999992	-0.00377659	0.00802922	-0.00378757	-0.999961	-0.767667	0.0188953	0.614327	
-0.999966	0.00132857	-0.00810553	0.00135723	0.999993	-0.00353085	0.00810078	-0.00354173	-0.999961	-0.767653	0.0188548	0.614404	
-0.999966	0.00130347	-0.00817886	0.00133034	0.999994	-0.00328075	0.00817453	-0.00329152	-0.999961	-0.767638	0.0188129	0.614482	
-0.999965	0.0012765	-0.00825437	0.00130152	0.999995	-0.0030263	0.00825047	-0.00303693	-0.999961	-0.767622	0.0187695	0.614561	
-0.999965	0.00124777	-0.00833209	0.00127086	0.999995	-0.00276749	0.0083286	-0.00277798	-0.999961	-0.767606	0.0187248	0.614641	
-0.999964	0.00121736	-0.008412	0.00123846	0.999996	-0.00250432	0.00840892	-0.00251465	-0.999961	-0.76759	0.0186786	0.614722	
-0.999963	0.00118536	-0.00849412	0.0012044	0.999997	-0.0022368	0.00849144	-0.00224694	-0.999961	-0.767573	0.018631	0.614804	
-0.999963	0.00115184	-0.00857845	0.00116874	0.999997	-0.00196491	0.00857617	-0.00197486	-0.999961	-0.767556	0.0185819	0.614887	
-0.999962	0.0011169	-0.008665	0.00113157	0.999998	-0.00168865	0.00866309	-0.00169839	-0.999961	-0.767538	0.0185315	0.614971	
-0.999961	0.00108059	-0.00875376	0.00109296	0.999998	-0.00140803	0.00875222	-0.00141754	-0.999961	-0.76752	0.0184797	0.615057	
-0.99996	0.00104299	-0.00884475	0.00105296	0.999999	-0.00112303	0.00884357	-0.0011323	-0.99996	-0.767501	0.0184264	0.615143	
-0.99996	0.00100415	-0.00893796	0.00101164	0.999999	-0.000833665	0.00893712	-0.000842673	-0.99996	-0.767482	0.0183718	0.61523	
-0.999959	0.000964145	-0.00903341	0.000969061	0.999999	-0.000539924	0.00903289	-0.000548656	-0.999959	-0.767463	0.0183158	0.615318	
-0.999958	0.000923023	-0.0091311	0.00092527	1	-0.000241808	0.00913087	-0.000250246	-0.999958	-0.767443	0.0182583	0.615408	
-0.999957	0.00088084	-0.00923102	0.000880317	1	6.06874e-05	0.00923107	5.25586e-05	-0.999957	-0.767422	0.0181995	0.615498	
-0.999956	0.000837643	-0.0093332	0.000834249	1	0.000367562	0.0093335	0.00035976	-0.999956	-0.767401	0.0181393	0.615589	
-0.999955	0.00079348	-0.00943762	0.000787108	0.999999	0.000678819	0.00943815	0.00067136	-0.999955	-0.76738	0.0180776	0.615681	
-0.999954	0.000748393	-0.0095443	0.000738935	0.999999	0.000994459	0.00954503	0.000987361	-0.999954	-0.767358	0.0180147	0.615775	
-0.999953	0.000702424	-0.00965324	0.000689766	0.999999	0.00131448	0.00965415	0.00130776	-0.999953	-0.767336	0.0179503	0.615869	
-0.999952	0.000655609	-0.00976444	0.000639636	0.999998	0.0016389	0.0097655	0.00163257	-0.999951	-0.767313	0.0178845	0.615965	
-0.999951	0.000607985	-0.00987791	0.000588576	0.999998	0.0019677	0.00987908	0.00196179	-0.999949	-0.76729	0.0178174	0.616061	
-0.99995	0.000559584	-0.00999365	0.000536615	0.999997	0.00230088	0.00999491	0.00229541	-0.999947	-0.767267	0.0177488	0.616158	
-0.999949	0.000510437	-0.0101117	0.00048378	0.999996	0.00263846	0.010113	0.00263344	-0.999945	-0.767243	0.0176789	0.616257	
-0.999948	0.000460571	-0.010232	0.000430096	0.999995	0.00298044	0.0102333	0.00297588	-0.999943	-0.767218	0.0176077	0.616356	
-0.999946	0.000410015	-0.0103546	0.000375585	0.999994	0.0033268	0.0103559	0.00332274	-0.999941	-0.767193	0.017535	0.616457	
-0.999945	0.000142745	-0.0104541	0.000105806	0.999994	0.00353394	0.0104546	0.00353264	-0.999939	-0.767176	0.0175018	0.616546	
-0.999944	-0.000112482	-0.010535	-0.000150625	0.999993	0.00361986	0.0105346	0.00362124	-0.999938	-0.767166	0.0175015	0.616625	
-0.999944	-0.000245992	-0.0106153	-0.000285149	0.999993	0.00368739	0.0106143	0.00369021	-0.999937	-0.767157	0.0175044	0.616702	
-0.999943	-0.000324304	-0.0106968	-0.000364462	0.999993	0.00375249	0.0106955	0.00375617	-0.999936	-0.767149	0.0175062	0.61678	
-0.999942	-0.000359082	-0.0107796	-0.000400229	0.999993	0.00381523	0.0107782	0.00381932	-0.999935	-0.76714	0.017507	0.616859	
-0.999941	-0.000359966	-0.0108639	-0.000402092	0.999992	0.00387569	0.0108624	0.00387982	-0.999933	-0.767132	0.017507	0.616937	
-0.99994	-0.000334897	-0.0109497	-0.000377992	0.999992	0.00393394	0.0109483	0.00393785	-0.999932	-0.767124	0.0175064	0.617017	
-0.999939	-0.000290386	-0.0110369	-0.000334442	0.999992	0.0039901	0.0110356	0.00399355	-0.999931	-0.767116	0.0175054	0.617096	
-0.999938	-0.00023175	-0.0111256	-0.000276761	0.999992	0.00404427	0.0111246	0.00404709	-0.99993	-0.767108	0.0175041	0.617176	
-0.999937	-0.000163307	-0.011216	-0.000209265	0.999992	0.00409654	0.0112152	0.00409863	-0.999929	-0.7671	0.0175026	0.617257	
-0.999936	-8.85375e-05	-0.0113079	-0.00013544	0.999991	0.00414703	0.0113074	0.00414829	-0.999927	-0.767093	0.0175009	0.617338	
-0.999935	-1.23757e-05	-0.0114013	-6.02052e-05	0.999991	0.00419477	0.0114011	0.00419518	-0.999926	-0.767086	0.0174994	0.617419	
-0.999934	3.71687e-05	-0.0114944	-1.14697e-05	0.999991	0.00423137	0.0114945	0.00423122	-0.999925	-0.767079	0.0175005	0.617501	
-0.999933	7.16704e-05	-0.011589	2.22181e-05	0.999991	0.00426723	0.0115892	0.00426669	-0.999924	-0.767073	0.0175013	0.617582	
-0.999932	9.40828e-05	-0.0116851	4.38108e-05	0.999991	0.00430241	0.0116854	0.00430161	-0.999922	-0.767066	0.0175018	0.617665	
-0.999931	0.000106882	-0.0117826	5.57832e-05	0.999991	0.00433701	0.011783	0.00433605	-0.999921	-0.76706	0.0175021	0.617748	
-0.999929	0.000112106	-0.0118816	6.0174e-05	0.99999	0.00437109	0.0118819	0.00437007	-0.99992	-0.767053	0.0175022	0.617831	
-0.999928	0.000111433	-0.011982	5.86587e-05	0.99999	0.00440474	0.0119824	0.00440372	-0.999919	-0.767046	0.0175022	0.617915	
-0.999927	0.000106236	-0.0120839	5.26106e-05	0.99999	0.00443801	0.0120842	0.00443705	-0.999917	-0.76704	0.0175021	0.618	
-0.999926	9.76379e-05	-0.0121872	4.31518e-05	0.99999	0.00447094	0.0121876	0.00447008	-0.999916	-0.767034	0.0175019	0.618086	
-0.999924	8.65524e-05	-0.0122921	3.11956e-05	0.99999	0.00450358	0.0122923	0.00450285	-0.999914	-0.767027	0.0175016	0.618172	
-0.999923	7.37208e-05	-0.0123984	1.74828e-05	0.99999	0.00453596	0.0123986	0.0045354	-0.999913	-0.767021	0.0175013	0.618258	
-0.999922	5.97408e-05	-0.0125062	2.61065e-06	0.99999	0.00456812	0.0125063	0.00456773	-0.999911	-0.767014	0.017501	0.618346	
-0.99992	4.5092e-05	-0.0126154	-1.29416e-05	0.999989	0.00460008	0.0126155	0.00459988	-0.99991	-0.767008	0.0175007	0.618434	
-0.999919	3.01564e-05	-0.0127262	-2.87923e-05	0.999989	0.00463187	0.0127262	0.00463186	-0.999908	-0.767001	0.0175003	0.618522	
-0.999918	1.52356e-05	-0.0128384	-4.46403e-05	0.999989	0.0046635	0.0128384	0.00466369	-0.999907	-0.766995	0.0175	0.618612	
-0.999916	5.65192e-07	-0.0129522	-6.02501e-05	0.999989	0.00469498	0.012952	0.00469537	-0.999905	-0.766989	0.0174997	0.618702	
-0.999915	-5.98622e-07	-0.0130674	-6.23512e-05	0.999989	0.00472529	0.0130673	0.0047257	-0.999903	-0.766982	0.0174997	0.618792	
-0.999913	3.49132e-07	-0.0131842	-6.23548e-05	0.999989	0.00475556	0.0131841	0.00475597	-0.999902	-0.766976	0.0174997	0.618883	
-0.999912	3.53192e-07	-0.0133026	-6.33163e-05	0.999989	0.00478581	0.0133025	0.00478623	-0.9999	-0.76697	0.0174997	0.618975	
-0.99991	3.5332e-07	-0.0134226	-6.42956e-05	0.999988	0.004816	0.0134224	0.00481643	-0.999898	-0.766964	0.0174997	0.619067	
-0.999908	3.28218e-07	-0.0135441	-6.53143e-05	0.999988	0.00484613	0.013544	0.00484657	-0.999897	-0.766958	0.0174997	0.61916	
-0.999907	3.29018e-07	-0.0136672	-6.63217e-05	0.999988	0.00487623	0.0136671	0.00487668	-0.999895	-0.766952	0.0174997	0.619254	
-0.999905	3.29879e-07	-0.0137919	-6.73438e-05	0.999988	0.00490631	0.0137917	0.00490677	-0.999893	-0.766946	0.0174997	0.619348	
-0.999903	3.30727e-07	-0.0139181	-6.83809e-05	0.999988	0.00493636	0.013918	0.00493684	-0.999891	-0.76694	0.0174997	0.619443	
-0.999901	3.3157e-07	-0.014046	-6.94335e-05	0.999988	0.00496641	0.0140458	0.0049669	-0.999889	-0.766934	0.0174997	0.619539	
-0.9999	3.08743e-07	-0.0141754	-7.05252e-05	0.999988	0.00499646	0.0141752	0.00499696	-0.999887	-0.766928	0.0174997	0.619636	
-0.999898	3.09625e-07	-0.0143064	-7.1609e-05	0.999987	0.0050265	0.0143062	0.00502701	-0.999885	-0.766922	0.0174997	0.619733	
-0.999896	3.10472e-07	-0.014439	-7.27088e-05	0.999987	0.00505655	0.0144388	0.00505707	-0.999883	-0.766916	0.0174997	0.61983	
-0.999894	3.11328e-07	-0.0145732	-7.38246e-05	0.999987	0.0050866	0.014573	0.00508714	-0.999881	-0.76691	0.0174997	0.619929	
-0.999892	2.90381e-07	-0.014709	-7.49786e-05	0.999987	0.00511666	0.0147088	0.00511721	-0.999879	-0.766904	0.0174997	0.620028	
-0.99989	2.91198e-07	-0.0148464	-7.61273e-05	0.999987	0.00514672	0.0148462	0.00514728	-0.999877	-0.766899	0.0174997	0.620127	
-0.999888	2.92092e-07	-0.0149853	-7.72924e-05	0.999987	0.00517679	0.0149851	0.00517737	-0.999874	-0.766893	0.0174997	0.620228	
-0.999886	2.92999e-07	-0.0151259	-7.84744e-05	0.999986	0.00520686	0.0151257	0.00520746	-0.999872	-0.766887	0.0174997	0.620329	
-0.999883	2.73786e-07	-0.015268	-7.96934e-05	0.999986	0.00523695	0.0152678	0.00523755	-0.99987	-0.766881	0.0174997	0.62043	
-0.999881	2.74749e-07	-0.0154118	-8.09092e-05	0.999986	0.00526703	0.0154116	0.00526765	-0.999867	-0.766876	0.0174996	0.620533	
-0.999879	2.75707e-07	-0.0155571	-8.21422e-05	0.999986	0.00529712	0.0155569	0.00529776	-0.999865	-0.76687	0.0174996	0.620636	
-0.999877	2.76682e-07	-0.0157041	-8.33926e-05	0.999986	0.00532722	0.0157038	0.00532787	-0.999862	-0.766865	0.0174996	0.620739	
-0.999874	2.61025e-07	-0.0158526	-8.4677e-05	0.999986	0.00535732	0.0158524	0.00535799	-0.99986	-0.766859	0.0174996	0.620844	
-0.999872	2.61957e-07	-0.0160027	-8.59625e-05	0.999985	0.00538743	0.0160025	0.00538811	-0.999857	-0.766854	0.0174996	0.620949	
-0.99987	2.62971e-07	-0.0161545	-8.72657e-05	0.999985	0.00541753	0.0161542	0.00541824	-0.999855	-0.766848	0.0174996	0.621054	
-0.999867	2.47402e-07	-0.0163078	-8.86034e-05	0.999985	0.00544765	0.0163075	0.00544837	-0.999852	-0.766843	0.0174996	0.621161	
-0.999864	2.50306e-07	-0.0164627	-8.99407e-05	0.999985	0.00547776	0.0164625	0.0054785	-0.999849	-0.766838	0.0174996	0.621268	
-0.999862	2.51423e-07	-0.0166192	-9.12979e-05	0.999985	0.00550788	0.016619	0.00550863	-0.999847	-0.766832	0.0174996	0.621375	
-0.999859	2.55211e-07	-0.0167774	-9.26709e-05	0.999985	0.005538	0.0167771	0.00553877	-0.999844	-0.766827	0.0174996	0.621484	
-0.999857	2.54922e-07	-0.0169371	-9.40664e-05	0.999984	0.00556812	0.0169368	0.00556891	-0.999841	-0.766822	0.0174996	0.621593	
-0.999854	2.44038e-07	-0.0170984	-9.54912e-05	0.999984	0.00559825	0.0170982	0.00559906	-0.999838	-0.766817	0.0174996	0.621702	
-0.999851	2.58134e-07	-0.0172614	-9.69098e-05	0.999984	0.00562838	0.0172611	0.00562921	-0.999835	-0.766812	0.0174996	0.621813	
-0.999848	2.59554e-07	-0.0174259	-9.83601e-05	0.999984	0.00565851	0.0174256	0.00565937	-0.999832	-0.766806	0.0174996	0.621924	
-0.999845	2.62615e-07	-0.0175921	-9.9828e-05	0.999984	0.00568865	0.0175918	0.00568953	-0.999829	-0.766801	0.0174996	0.622036	
-0.999842	2.62811e-07	-0.0177598	-0.000101318	0.999984	0.0057188	0.0177595	0.0057197	-0.999826	-0.766796	0.0174996	0.622148	
-0.999839	2.54415e-07	-0.0179292	-0.000102836	0.999983	0.00574895	0.0179289	0.00574987	-0.999823	-0.766791	0.0174996	0.622261	
-0.999836	2.47639e-07	-0.0181001	-0.000104372	0.999983	0.00577912	0.0180998	0.00578006	-0.999819	-0.766787	0.0174996	0.622375	
-0.999833	2.40673e-07	-0.0182727	-0.000105928	0.999983	0.00580929	0.0182724	0.00581025	-0.999816	-0.766782	0.0174996	0.622489	
-0.99983	2.30017e-07	-0.0184468	-0.000107508	0.999983	0.00583947	0.0184465	0.00584046	-0.999813	-0.766777	0.0174996	0.622604	
-0.999827	2.20349e-07	-0.0186226	-0.000109107	0.999983	0.00586967	0.0186223	0.00587068	-0.999809	-0.766772	0.0174996	0.62272	
-0.999823	2.13409e-07	-0.0188	-0.000110724	0.999983	0.00589988	0.0187997	0.00590092	-0.999806	-0.766768	0.0174996	0.622836	
-0.99982	2.02678e-07	-0.018979	-0.000112365	0.999982	0.0059301	0.0189786	0.00593117	-0.999802	-0.766763	0.0174996	0.622953	
-0.999816	1.92616e-07	-0.0191595	-0.000114026	0.999982	0.00596035	0.0191592	0.00596144	-0.999799	-0.766758	0.0174996	0.623071	
-0.999813	1.82771e-07	-0.0193417	-0.000115708	0.999982	0.00599061	0.0193414	0.00599173	-0.999795	-0.766754	0.0174995	0.623189	
-0.999809	1.83455e-07	-0.0195255	-0.0001174	0.999982	0.0060209	0.0195252	0.00602204	-0.999791	-0.766749	0.0174995	0.623309	
-0.999806	2.53467e-07	-0.0197109	-0.000119045	0.999982	0.0060512	0.0197106	0.00605237	-0.999787	-0.766745	0.0174995	0.623428	
-0.999802	4.77118e-07	-0.019898	-0.000120557	0.999982	0.00608152	0.0198976	0.00608272	-0.999784	-0.76674	0.0174995	0.623549	
-0.999798	9.23284e-07	-0.0200866	-0.000121868	0.999981	0.00611186	0.0200862	0.00611307	-0.99978	-0.766736	0.0174995	0.62367	
-0.999794	1.64651e-06	-0.0202768	-0.000122923	0.999981	0.00614221	0.0202764	0.00614344	-0.999776	-0.766732	0.0174996	0.623792	
-0.99979	2.68925e-06	-0.0204686	-0.000123681	0.999981	0.00617257	0.0204683	0.00617381	-0.999771	-0.766728	0.0174996	0.623914	
-0.999787	4.08374e-06	-0.0206621	-0.000124108	0.999981	0.00620294	0.0206617	0.00620418	-0.999767	-0.766723	0.0174996	0.624037	
-0.999782	5.85364e-06	-0.0208571	-0.000124183	0.999981	0.00623333	0.0208568	0.00623456	-0.999763	-0.766719	0.0174996	0.624161	
-0.999778	8.0154e-06	-0.0210538	-0.000123888	0.99998	0.00626373	0.0210535	0.00626495	-0.999759	-0.766715	0.0174997	0.624286	
-0.999774	1.05794e-05	-0.0212521	-0.000123213	0.99998	0.00629415	0.0212517	0.00629535	-0.999754	-0.766711	0.0174997	0.624411	
-0.99977	1.35511e-05	-0.021452	-0.000122152	0.99998	0.00632459	0.0214517	0.00632575	-0.99975	-0.766707	0.0174998	0.624537	
-0.999766	1.69316e-05	-0.0216535	-0.000120706	0.99998	0.00635505	0.0216532	0.00635617	-0.999745	-0.766703	0.0174999	0.624663	
-0.999761	2.07188e-05	-0.0218567	-0.000118877	0.99998	0.00638553	0.0218564	0.00638661	-0.999741	-0.7667	0.0175	0.62479	
-0.999757	2.49075e-05	-0.0220615	-0.000116669	0.999979	0.00641604	0.0220612	0.00641706	-0.999736	-0.766696	0.0175	0.624918	
-0.999752	2.94905e-05	-0.0222679	-0.00011409	0.999979	0.00644659	0.0222676	0.00644753	-0.999731	-0.766692	0.0175001	0.625047	
-0.999747	3.44585e-05	-0.0224759	-0.00011115	0.999979	0.00647716	0.0224757	0.00647803	-0.999726	-0.766688	0.0175002	0.625176	
-0.999743	3.98012e-05	-0.0226856	-0.00010786	0.999979	0.00650778	0.0226854	0.00650855	-0.999721	-0.766685	0.0175004	0.625306	
-0.999738	4.55066e-05	-0.0228969	-0.000104231	0.999979	0.00653843	0.0228967	0.00653911	-0.999716	-0.766681	0.0175005	0.625437	
-0.999733	5.15625e-05	-0.0231098	-0.000100277	0.999978	0.00656914	0.0231097	0.0065697	-0.999711	-0.766678	0.0175006	0.625568	
-0.999728	5.79558e-05	-0.0233244	-9.601e-05	0.999978	0.00659989	0.0233243	0.00660033	-0.999706	-0.766675	0.0175008	0.6257	
-0.999723	6.46729e-05	-0.0235406	-9.14443e-05	0.999978	0.00663069	0.0235405	0.006631	-0.999701	-0.766671	0.0175009	0.625833	
-0.999718	7.17005e-05	-0.0237585	-8.65939e-05	0.999978	0.00666155	0.0237584	0.00666172	-0.999696	-0.766668	0.0175011	0.625966	
-0.999712	7.90246e-05	-0.023978	-8.14726e-05	0.999978	0.00669247	0.023978	0.0066925	-0.99969	-0.766665	0.0175012	0.6261	
-0.999707	8.66319e-05	-0.0241992	-7.60943e-05	0.999977	0.00672345	0.0241992	0.00672332	-0.999685	-0.766662	0.0175014	0.626235	
-0.999702	9.45089e-05	-0.024422	-7.04726e-05	0.999977	0.0067545	0.0244221	0.00675421	-0.999679	-0.766659	0.0175016	0.62637	
-0.999696	0.000102642	-0.0246465	-6.46212e-05	0.999977	0.00678562	0.0246466	0.00678515	-0.999673	-0.766656	0.0175017	0.626506	
-0.999691	0.00011102	-0.0248726	-5.8553e-05	0.999977	0.00681682	0.0248728	0.00681616	-0.999667	-0.766653	0.0175019	0.626643	
-0.999685	0.000119628	-0.0251004	-5.22808e-05	0.999977	0.00684809	0.0251006	0.00684724	-0.999661	-0.76665	0.0175021	0.62678	
-0.999679	0.000128456	-0.0253299	-4.5817e-05	0.999976	0.00687944	0.0253302	0.00687839	-0.999655	-0.766647	0.0175023	0.626919	
-0.999673	0.000137492	-0.025561	-3.91734e-05	0.999976	0.00691088	0.0255613	0.00690962	-0.999649	-0.766644	0.0175025	0.627057	
-0.999667	0.000146724	-0.0257938	-3.23614e-05	0.999976	0.0069424	0.0257942	0.00694093	-0.999643	-0.766642	0.0175027	0.627197	
-0.999661	0.000156142	-0.0260283	-2.53919e-05	0.999976	0.00697401	0.0260287	0.00697231	-0.999637	-0.766639	0.0175029	0.627337	
-0.999655	0.000165736	-0.0262644	-1.82753e-05	0.999975	0.00700572	0.0262649	0.00700378	-0.99963	-0.766637	0.0175031	0.627478	
-0.999649	0.000175497	-0.0265022	-1.10214e-05	0.999975	0.00703752	0.0265028	0.00703534	-0.999624	-0.766634	0.0175033	0.62762	
-0.999642	0.000185415	-0.0267417	-3.6397e-06	0.999975	0.00706942	0.0267424	0.00706699	-0.999617	-0.766632	0.0175035	0.627762	
-0.999636	0.000195481	-0.0269829	3.86107e-06	0.999975	0.00710141	0.0269836	0.00709872	-0.999611	-0.766629	0.0175038	0.627905	
-0.999629	0.000205689	-0.0272257	1.14725e-05	0.999975	0.00713351	0.0272265	0.00713056	-0.999604	-0.766627	0.017504	0.628049	
-0.999623	0.000216029	-0.0274703	1.91868e-05	0.999974	0.00716572	0.0274711	0.00716249	-0.999597	-0.766625	0.0175042	0.628193	
-0.999616	0.000226553	-0.0277165	2.70521e-05	0.999974	0.00719806	0.0277174	0.00719455	-0.99959	-0.766623	0.0175044	0.628338	
-0.999609	0.000237128	-0.0279644	3.49389e-05	0.999974	0.00723048	0.0279654	0.00722668	-0.999583	-0.766621	0.0175047	0.628484	
-0.999602	0.000247818	-0.028214	4.29093e-05	0.999974	0.00726302	0.0282151	0.00725891	-0.999576	-0.766619	0.0175049	0.62863	
-0.999595	0.000258617	-0.0284654	5.0957e-05	0.999973	0.00729566	0.0284665	0.00729125	-0.999568	-0.766617	0.0175051	0.628777	
-0.999588	0.000269519	-0.0287184	5.90764e-05	0.999973	0.00732841	0.0287196	0.00732369	-0.999561	-0.766615	0.0175054	0.628925	
-0.99958	0.00028052	-0.028973	6.72621e-05	0.999973	0.00736129	0.0289743	0.00735625	-0.999553	-0.766614	0.0175056	0.629074	
-0.999573	0.000291616	-0.0292294	7.55093e-05	0.999973	0.00739427	0.0292308	0.00738891	-0.999545	-0.766612	0.0175059	0.629223	
-0.999565	0.000302801	-0.0294875	8.38135e-05	0.999972	0.00742738	0.029489	0.00742168	-0.999538	-0.76661	0.0175061	0.629373	
-0.999557	0.000314072	-0.0297473	9.21704e-05	0.999972	0.00746061	0.0297489	0.00745456	-0.99953	-0.766609	0.0175064	0.629523	
-0.99955	0.000325425	-0.0300089	0.000100576	0.999972	0.00749396	0.0300105	0.00748756	-0.999522	-0.766607	0.0175066	0.629675	
-0.999542	0.000336858	-0.0302721	0.000109028	0.999972	0.00752743	0.0302738	0.00752067	-0.999513	-0.766606	0.0175069	0.629826	
-0.999534	0.000348367	-0.030537	0.000117521	0.999971	0.00756102	0.0305388	0.0075539	-0.999505	-0.766605	0.0175071	0.629979	
-0.999525	0.000359951	-0.0308036	0.000126054	0.999971	0.00759474	0.0308055	0.00758725	-0.999497	-0.766604	0.0175074	0.630133	
-0.999517	0.000371605	-0.031072	0.000134624	0.999971	0.00762858	0.0310739	0.00762072	-0.999488	-0.766603	0.0175076	0.630287	
-0.999509	0.00038333	-0.0313421	0.000143229	0.999971	0.00766255	0.0313441	0.0076543	-0.999479	-0.766601	0.0175079	0.630441	
-0.9995	0.000395122	-0.0316139	0.000151865	0.99997	0.00769665	0.031616	0.007688	-0.999471	-0.766601	0.0175081	0.630597	
-0.999491	0.00040698	-0.0318874	0.000160532	0.99997	0.00773088	0.0318896	0.00772183	-0.999462	-0.7666	0.0175084	0.630753	
-0.999483	0.000418903	-0.0321626	0.000169228	0.99997	0.00776524	0.0321649	0.00775578	-0.999452	-0.766599	0.0175087	0.63091	
-0.999474	0.000430889	-0.0324396	0.00017795	0.99997	0.00779973	0.0324419	0.00778985	-0.999443	-0.766598	0.0175089	0.631067	
-0.999465	0.000442938	-0.0327182	0.000186699	0.999969	0.00783434	0.0327207	0.00782404	-0.999434	-0.766597	0.0175092	0.631226	
-0.999455	0.000455049	-0.0329986	0.000195471	0.999969	0.0078691	0.0330012	0.00785836	-0.999424	-0.766597	0.0175095	0.631385	
-0.999446	0.00046722	-0.0332808	0.000204268	0.999969	0.00790398	0.0332834	0.0078928	-0.999415	-0.766596	0.0175097	0.631544	
-0.999436	0.00047938	-0.0335645	0.000213016	0.999968	0.007939	0.0335673	0.00792737	-0.999405	-0.766596	0.01751	0.631705	
-0.999427	0.000491449	-0.0338498	0.000221638	0.999968	0.00797415	0.0338526	0.00796208	-0.999395	-0.766596	0.0175103	0.631866	
-0.999417	0.000503456	-0.0341364	0.00023016	0.999968	0.00800945	0.0341394	0.00799692	-0.999385	-0.766595	0.0175105	0.632027	
-0.999407	0.000515425	-0.0344246	0.000238608	0.999968	0.00804488	0.0344276	0.0080319	-0.999375	-0.766595	0.0175108	0.63219	
-0.999397	0.000527378	-0.0347141	0.000247004	0.999967	0.00808045	0.0347173	0.008067	-0.999365	-0.766594	0.017511	0.632353	
-0.999387	0.000539333	-0.0350051	0.000255365	0.999967	0.00811615	0.0350084	0.00810224	-0.999354	-0.766594	0.0175113	0.632517	
-0.999377	0.000551307	-0.0352976	0.000263708	0.999967	0.008152	0.0353009	0.00813761	-0.999344	-0.766593	0.0175116	0.632681	
-0.999366	0.000563313	-0.0355915	0.000272044	0.999966	0.00818798	0.0355949	0.00817311	-0.999333	-0.766593	0.0175118	0.632847	
-0.999356	0.000575361	-0.0358868	0.000280386	0.999966	0.00822409	0.0358903	0.00820873	-0.999322	-0.766592	0.0175121	0.633013	
-0.999345	0.000587463	-0.0361835	0.000288743	0.999966	0.00826035	0.0361872	0.00824449	-0.999311	-0.766592	0.0175124	0.633179	
-0.999334	0.000599625	-0.0364817	0.000297122	0.999966	0.00829674	0.0364854	0.00828038	-0.9993	-0.766592	0.0175126	0.633347	
-0.999323	0.000611854	-0.0367813	0.000305531	0.999965	0.00833327	0.0367851	0.00831639	-0.999289	-0.766591	0.0175129	0.633515	
-0.999312	0.000624157	-0.0370824	0.000313974	0.999965	0.00836994	0.0370863	0.00835253	-0.999277	-0.766591	0.0175132	0.633684	
-0.999301	0.000636537	-0.0373848	0.000322456	0.999965	0.00840674	0.0373888	0.00838881	-0.999266	-0.76659	0.0175134	0.633853	
-0.999289	0.000648999	-0.0376887	0.00033098	0.999964	0.00844368	0.0376928	0.00842521	-0.999254	-0.76659	0.0175137	0.634023	
-0.999278	0.000661546	-0.037994	0.00033955	0.999964	0.00848076	0.0379982	0.00846173	-0.999242	-0.766589	0.017514	0.634194	
-0.999266	0.000674181	-0.0383007	0.000348167	0.999964	0.00851798	0.0383051	0.00849839	-0.99923	-0.766589	0.0175143	0.634366	
-0.999254	0.000686905	-0.0386088	0.000356834	0.999963	0.00855533	0.0386133	0.00853518	-0.999218	-0.766588	0.0175145	0.634538	
-0.999242	0.00069972	-0.0389184	0.000365552	0.999963	0.00859283	0.038923	0.00857209	-0.999205	-0.766588	0.0175148	0.634711	
-0.99923	0.000712627	-0.0392294	0.000374321	0.999963	0.00863046	0.0392341	0.00860913	-0.999193	-0.766587	0.0175151	0.634885	
-0.999218	0.000725627	-0.0395418	0.000383142	0.999962	0.00866824	0.0395466	0.00864631	-0.99918	-0.766587	0.0175154	0.63506	
-0.999205	0.00073872	-0.0398556	0.000392015	0.999962	0.00870615	0.0398605	0.00868361	-0.999168	-0.766586	0.0175157	0.635235	
