-1	-1.28319e-07	7.28767e-06	1.28314e-07	-1	-7.07487e-07	7.28767e-06	-7.07486e-07	1	-0.76088	0.0199786	0.486184	
-1	-2.82304e-06	7.02595e-05	2.82258e-06	-1	-6.48505e-06	7.02595e-05	-6.48486e-06	1	-0.76088	0.0199761	0.486967	
-1	-4.87469e-06	0.000118154	4.87341e-06	-1	-1.08782e-05	0.000118154	-1.08776e-05	1	-0.76088	0.0199742	0.488784	
-1	-6.39871e-06	0.000153654	6.39654e-06	-1	-1.41343e-05	0.000153654	-1.41333e-05	1	-0.76088	0.0199728	0.491396	
-1	-7.49102e-06	0.000179004	7.48807e-06	-1	-1.64598e-05	0.000179004	-1.64585e-05	1	-0.760879	0.0199718	0.494608	
-1	-8.23145e-06	0.000196084	8.22792e-06	-1	-1.80271e-05	0.000196084	-1.80255e-05	1	-0.760879	0.0199711	0.498257	
-1	-8.68648e-06	0.000206463	8.68257e-06	-1	-1.89799e-05	0.000206463	-1.89781e-05	1	-0.760879	0.0199707	0.502213	
-1	-8.9115e-06	0.000211449	8.90739e-06	-1	-1.94381e-05	0.000211449	-1.94362e-05	1	-0.760879	0.0199704	0.506367	
-1	-8.95259e-06	0.000212133	8.94845e-06	-1	-1.95013e-05	0.000212133	-1.94994e-05	1	-0.760879	0.0199703	0.510633	
-1	-8.84809e-06	0.000209419	8.84406e-06	-1	-1.92526e-05	0.000209419	-1.92507e-05	1	-0.760879	0.0199703	0.514938	
-1	-8.62985e-06	0.000204059	8.62602e-06	-1	-1.87606e-05	0.000204059	-1.87588e-05	1	-0.76088	0.0199704	0.519229	
-1	-8.32423e-06	0.000196672	8.32068e-06	-1	-1.80822e-05	0.000196673	-1.80806e-05	1	-0.76088	0.0199706	0.52346	
-1	-7.95303e-06	0.000187772	7.94979e-06	-1	-1.72644e-05	0.000187772	-1.72629e-05	1	-0.760881	0.0199708	0.527597	
-1	-7.53419e-06	0.000177777	7.53129e-06	-1	-1.63457e-05	0.000177777	-1.63444e-05	1	-0.760882	0.019971	0.531613	
-1	-7.08242e-06	0.000167032	7.07986e-06	-1	-1.53578e-05	0.000167032	-1.53566e-05	1	-0.760884	0.0199713	0.535489	
-1	-6.60973e-06	0.000155816	6.6075e-06	-1	-1.43262e-05	0.000155816	-1.43252e-05	1	-0.760885	0.0199716	0.539211	
-1	-6.12585e-06	0.000144355	6.12394e-06	-1	-1.32719e-05	0.000144355	-1.32711e-05	1	-0.760886	0.0199719	0.542769	
-1	-5.63862e-06	0.00013283	5.637e-06	-1	-1.22116e-05	0.00013283	-1.22109e-05	1	-0.760887	0.0199722	0.546156	
-1	-5.15428e-06	0.000121386	5.15293e-06	-1	-1.11586e-05	0.000121386	-1.11579e-05	1	-0.760888	0.0199725	0.54937	
-1	-4.67777e-06	0.000110137	4.67666e-06	-1	-1.01233e-05	0.000110137	-1.01228e-05	1	-0.760889	0.0199729	0.55241	
-1	-4.21291e-06	9.91692e-05	4.21201e-06	-1	-9.11392e-06	9.91692e-05	-9.1135e-06	1	-0.76089	0.0199732	0.555277	
-1	-3.76263e-06	8.85508e-05	3.76191e-06	-1	-8.13663e-06	8.85509e-05	-8.1363e-06	1	-0.76089	0.0199736	0.557973	
-1	-3.32908e-06	7.83309e-05	3.32852e-06	-1	-7.196e-06	7.83309e-05	-7.19574e-06	1	-0.760891	0.0199739	0.560504	
-1	-2.91382e-06	6.85444e-05	2.91339e-06	-1	-6.29529e-06	6.85444e-05	-6.29509e-06	1	-0.760891	0.0199743	0.562872	
-1	-2.51788e-06	5.92149e-05	2.51756e-06	-1	-5.43666e-06	5.92149e-05	-5.43652e-06	1	-0.760892	0.0199747	0.565084	
-1	-2.1419e-06	5.03562e-05	2.14167e-06	-1	-4.62143e-06	5.03562e-05	-4.62132e-06	1	-0.760892	0.019975	0.567146	
-1	-1.78616e-06	4.19746e-05	1.786e-06	-1	-3.85017e-06	4.19746e-05	-3.85009e-06	1	-0.760892	0.0199754	0.569063	
-1	-1.4507e-06	3.40703e-05	1.45059e-06	-1	-3.1229e-06	3.40703e-05	-3.12285e-06	1	-0.760892	0.0199757	0.570842	
-0.999999	-0.000254865	0.00101232	0.000255632	-1	0.000757403	0.00101212	0.000757661	0.999999	-0.760926	0.0200344	0.572006	
-0.999991	-0.000890572	0.0041112	0.000904042	-0.999994	0.00327583	0.00410826	0.00327952	0.999986	-0.761041	0.020245	0.571997	
-0.999976	-0.000877024	0.00692557	0.000915792	-0.999984	0.00559666	0.00692055	0.00560287	0.99996	-0.761153	0.0204398	0.571989	
-0.999954	-0.000858943	0.00950389	0.000932594	-0.99997	0.00774786	0.00949694	0.00775637	0.999925	-0.761256	0.0206237	0.571981	
-0.999929	-0.000837378	0.0118575	0.000952822	-0.999952	0.00973368	0.0118488	0.00974429	0.999882	-0.761351	0.0207964	0.571974	
-0.999902	-0.00081062	0.0140051	0.000972623	-0.999933	0.0115645	0.0139948	0.011577	0.999835	-0.761435	0.0209599	0.571967	
-0.99987	-0.000720745	0.0160968	0.000935737	-0.99991	0.0133527	0.0160857	0.013366	0.999781	-0.761486	0.0211624	0.571958	
-0.999834	-0.000556997	0.0181853	0.000832357	-0.999885	0.0151379	0.0181748	0.0151505	0.99972	-0.761494	0.0214141	0.571948	
-0.999794	-0.000332668	0.0202706	0.000675738	-0.999857	0.01692	0.0202621	0.0169302	0.999651	-0.761463	0.021706	0.571937	
-0.99975	-6.0506e-05	0.0223515	0.000478571	-0.999825	0.0186992	0.0223465	0.0187053	0.999575	-0.761394	0.0220304	0.571925	
-0.999702	0.000246151	0.0244244	0.000254083	-0.99979	0.0204757	0.0244243	0.0204758	0.999492	-0.76129	0.0223809	0.571911	
-0.999649	0.000581106	0.0264892	8.41117e-06	-0.999752	0.0222495	0.0264955	0.0222419	0.999401	-0.761155	0.0227522	0.571896	
-0.999592	0.000939456	0.0285463	-0.000253597	-0.999711	0.0240203	0.0285606	0.0240033	0.999304	-0.76099	0.0231399	0.571879	
-0.999531	0.00131706	0.0305961	-0.000527851	-0.999667	0.0257882	0.0306199	0.02576	0.999199	-0.760796	0.0235403	0.571861	
-0.999468	0.00171224	0.032581	-0.000813665	-0.999619	0.027573	0.0326158	0.0275318	0.999089	-0.760599	0.0239522	0.571842	
-0.999416	0.00213134	0.0341009	-0.00112521	-0.999564	0.0294964	0.0341489	0.0294408	0.998983	-0.760564	0.0243833	0.571828	
-0.999378	0.00255652	0.0351755	-0.00144728	-0.999502	0.0315237	0.0352386	0.0314532	0.998884	-0.760684	0.024825	0.571817	
-0.999346	0.00292258	0.03605	-0.00170898	-0.999432	0.0336494	0.0361279	0.0335657	0.998783	-0.760892	0.0252755	0.571788	
-0.999324	0.00328692	0.0366076	-0.00197596	-0.999357	0.03579	0.0367017	0.0356935	0.998689	-0.761195	0.0257218	0.571758	
-0.999313	0.00364769	0.0368901	-0.00224825	-0.999279	0.037906	0.0370018	0.037797	0.9986	-0.761572	0.0261575	0.571727	
-0.99931	0.00400227	0.036937	-0.00252456	-0.999198	0.0399664	0.0370674	0.0398456	0.998518	-0.762003	0.0265772	0.571695	
-0.999314	0.00434807	0.0367838	-0.00280317	-0.999116	0.0419474	0.0369337	0.0418155	0.998442	-0.762474	0.0269773	0.571664	
-0.999324	0.00468274	0.0364619	-0.00308215	-0.999034	0.0438308	0.036632	0.0436888	0.998373	-0.762971	0.0273546	0.571633	
-0.999339	0.00500407	0.0359998	-0.00335933	-0.998954	0.0456034	0.0361904	0.0454524	0.998311	-0.763484	0.0277071	0.571602	
-0.999358	0.00531019	0.0354226	-0.00363262	-0.998876	0.0472562	0.0356337	0.0470972	0.998255	-0.764004	0.0280335	0.571571	
-0.99938	0.00559963	0.0347523	-0.00390001	-0.998802	0.0487832	0.0349839	0.0486174	0.998205	-0.764523	0.028333	0.571542	
-0.999404	0.00587133	0.0340081	-0.0041598	-0.998731	0.0501811	0.0342595	0.0500097	0.998161	-0.765036	0.0286053	0.571512	
-0.99943	0.00612458	0.0332064	-0.0044105	-0.998666	0.0514488	0.0334772	0.051273	0.998123	-0.765538	0.0288503	0.571484	
-0.999456	0.00635897	0.0323616	-0.00465083	-0.998606	0.0525869	0.0326508	0.0524078	0.998092	-0.766025	0.0290684	0.571456	
-0.999483	0.00657436	0.0314859	-0.00487979	-0.998551	0.0535974	0.0317926	0.053416	0.998066	-0.766495	0.0292603	0.571429	
-0.999509	0.00677085	0.0305898	-0.00509658	-0.998502	0.0544832	0.0309129	0.0543005	0.998046	-0.766945	0.0294267	0.571403	
-0.999535	0.00694882	0.0296816	-0.00530073	-0.998459	0.0552479	0.0300198	0.0550649	0.998031	-0.767374	0.0295685	0.571378	
-0.999561	0.00710874	0.0287685	-0.0054919	-0.998422	0.0558957	0.0291205	0.0557131	0.998022	-0.767782	0.0296866	0.571354	
-0.999586	0.00725099	0.0278577	-0.00566961	-0.99839	0.0564316	0.028222	0.0562503	0.998018	-0.768167	0.0297822	0.571332	
-0.999609	0.00737609	0.0269549	-0.00583362	-0.998365	0.056861	0.0273302	0.0566816	0.998018	-0.768529	0.0298564	0.571311	
-0.999628	0.00719507	0.0263087	-0.00568043	-0.998347	0.0571999	0.0266768	0.0570292	0.998016	-0.768811	0.0299139	0.571292	
-0.999629	0.00589589	0.026602	-0.00435879	-0.998337	0.0574739	0.0268967	0.0573366	0.997993	-0.768852	0.0299637	0.57128	
-0.999629	0.00467498	0.0268306	-0.00312175	-0.998332	0.0576428	0.0270553	0.0575377	0.997977	-0.768889	0.0299927	0.571273	
-0.999629	0.003587	0.0270057	-0.0020226	-0.99833	0.0577343	0.0271677	0.0576582	0.997967	-0.768921	0.0300071	0.571267	
-0.999628	0.00265173	0.0271321	-0.00108059	-0.99833	0.0577587	0.0272399	0.057708	0.997962	-0.768948	0.0300094	0.571264	
-0.999628	0.0018479	0.0272108	-0.000274441	-0.998333	0.0577151	0.0272721	0.0576862	0.997962	-0.768969	0.0299991	0.571263	
-0.999628	0.00115725	0.027244	0.000414201	-0.998339	0.0576044	0.0272655	0.0575943	0.997968	-0.768986	0.0299765	0.571265	
-0.999629	0.000564275	0.027234	0.00100103	-0.998349	0.0574285	0.0272214	0.0574345	0.997978	-0.768999	0.0299416	0.571269	
-0.99963	5.57304e-05	0.0271831	0.00149951	-0.998362	0.0571898	0.0271418	0.0572094	0.997993	-0.769008	0.0298949	0.571276	
-0.999632	-0.000292146	0.027123	0.00183579	-0.998378	0.0569053	0.0270624	0.0569342	0.998011	-0.769007	0.0298395	0.571283	
-0.999635	-0.000420903	0.0270233	0.00194984	-0.998396	0.0565769	0.0269562	0.0566089	0.998032	-0.769003	0.029775	0.571291	
-0.999638	-0.000377629	0.026885	0.0018888	-0.998417	0.0562054	0.0268212	0.0562358	0.998057	-0.768997	0.0297017	0.571298	
-0.999643	-0.000200957	0.0267121	0.00169159	-0.998441	0.0557929	0.0266592	0.0558182	0.998085	-0.76899	0.02962	0.571306	
-0.999648	6.81527e-05	0.0265129	0.00139972	-0.998466	0.0553421	0.026476	0.0553598	0.998115	-0.76898	0.0295306	0.571314	
-0.999654	0.000274924	0.0262998	0.0011683	-0.998494	0.0548448	0.0262753	0.0548565	0.998148	-0.768967	0.0294325	0.571324	
-0.99966	0.000396481	0.0260556	0.00101918	-0.998524	0.0542965	0.0260387	0.0543046	0.998185	-0.768954	0.0293248	0.571338	
-0.999667	0.000450916	0.0257829	0.00093462	-0.998557	0.0537013	0.0257699	0.0537075	0.998224	-0.768941	0.0292082	0.571354	
-0.999675	0.000453241	0.0254843	0.000899965	-0.998591	0.0530631	0.0254724	0.0530688	0.998266	-0.768929	0.0290834	0.571373	
-0.999683	0.000415868	0.0251622	0.000903126	-0.998627	0.0523856	0.0251494	0.0523917	0.99831	-0.768916	0.0289511	0.571395	
-0.999692	0.000348405	0.0248211	0.000934992	-0.998663	0.0516756	0.0248059	0.0516829	0.998355	-0.768903	0.0288125	0.571419	
-0.999701	0.000259022	0.0244644	0.000987797	-0.998701	0.0509388	0.0244458	0.0509477	0.998402	-0.76889	0.0286687	0.571443	
-0.99971	0.000154745	0.0240944	0.00105478	-0.99874	0.0501785	0.0240718	0.0501894	0.99845	-0.768877	0.0285203	0.571469	
-0.999719	4.12812e-05	0.0237129	0.00113045	-0.998779	0.0493976	0.023686	0.0494106	0.998498	-0.768864	0.0283679	0.571495	
-0.999728	-2.15883e-05	0.0233273	0.00115566	-0.998817	0.0486033	0.0232987	0.0486171	0.998546	-0.768849	0.0282126	0.571522	
-0.999737	2.12537e-05	0.0229353	0.00107535	-0.998856	0.0477993	0.0229101	0.0478114	0.998594	-0.768832	0.0280551	0.571549	
-0.999746	3.07878e-05	0.0225361	0.00102826	-0.998895	0.0469802	0.0225127	0.0469914	0.998642	-0.768815	0.0278947	0.571576	
-0.999755	1.12777e-05	0.0221303	0.00101026	-0.998934	0.0461486	0.0221072	0.0461597	0.998689	-0.768799	0.0277319	0.571604	
-0.999764	1.0267e-05	0.0217212	0.000974146	-0.998973	0.0453092	0.0216994	0.0453197	0.998737	-0.768782	0.0275675	0.571632	
-0.999773	1.0552e-05	0.021309	0.00093713	-0.999011	0.0444629	0.0212884	0.0444728	0.998784	-0.768765	0.0274017	0.571661	
-0.999782	1.07e-05	0.0208945	0.00090074	-0.999048	0.0436112	0.0208751	0.0436205	0.99883	-0.768748	0.0272347	0.57169	
-0.99979	1.09211e-05	0.0204786	0.000864845	-0.999085	0.0427557	0.0204603	0.0427644	0.998876	-0.76873	0.027067	0.571719	
-0.999799	1.10854e-05	0.020062	0.000829646	-0.999122	0.0418978	0.0200448	0.041906	0.99892	-0.768713	0.0268988	0.571748	
-0.999807	1.12705e-05	0.0196455	0.000795122	-0.999157	0.041039	0.0196294	0.0410467	0.998964	-0.768696	0.0267303	0.571777	
-0.999815	1.14332e-05	0.0192295	0.000761367	-0.999192	0.0401804	0.0192145	0.0401876	0.999007	-0.768679	0.0265619	0.571806	
-0.999823	1.1585e-05	0.0188148	0.00072841	-0.999226	0.0393231	0.0188007	0.0393299	0.999049	-0.768662	0.0263937	0.571835	
-0.999831	1.17292e-05	0.0184017	0.000696276	-0.99926	0.0384682	0.0183885	0.0384745	0.99909	-0.768645	0.0262259	0.571864	
-0.999838	1.18655e-05	0.0179905	0.000664987	-0.999292	0.0376163	0.0179782	0.0376222	0.99913	-0.768628	0.0260587	0.571894	
-0.999845	1.1996e-05	0.0175816	0.000634557	-0.999324	0.0367683	0.0175702	0.0367738	0.999169	-0.768611	0.0258922	0.571923	
-0.999852	1.21196e-05	0.0171753	0.000604999	-0.999354	0.0359249	0.0171647	0.0359299	0.999207	-0.768595	0.0257266	0.571952	
-0.999859	1.22368e-05	0.0167718	0.000576319	-0.999384	0.0350866	0.0167619	0.0350913	0.999244	-0.768578	0.0255619	0.571981	
-0.999866	1.23477e-05	0.0163714	0.000548519	-0.999413	0.0342541	0.0163622	0.0342584	0.999279	-0.768562	0.0253984	0.57201	
-0.999872	1.24525e-05	0.0159741	0.0005216	-0.999441	0.0334278	0.0159656	0.0334318	0.999313	-0.768546	0.0252361	0.572039	
-0.999879	1.25514e-05	0.0155802	0.000495557	-0.999468	0.0326081	0.0155723	0.0326119	0.999347	-0.76853	0.025075	0.572068	
-0.999885	1.26445e-05	0.0151898	0.000470383	-0.999494	0.0317956	0.0151825	0.031799	0.999379	-0.768514	0.0249153	0.572097	
-0.99989	1.2732e-05	0.0148029	0.000446071	-0.99952	0.0309904	0.0147962	0.0309936	0.99941	-0.768498	0.0247571	0.572126	
-0.999896	1.28142e-05	0.0144197	0.000422608	-0.999544	0.030193	0.0144135	0.0301959	0.99944	-0.768483	0.0246004	0.572156	
-0.999901	1.28912e-05	0.0140401	0.000399984	-0.999568	0.0294035	0.0140345	0.0294062	0.999469	-0.768467	0.0244452	0.572185	
-0.999907	1.29632e-05	0.0136644	0.000378183	-0.99959	0.0286223	0.0136592	0.0286248	0.999497	-0.768452	0.0242916	0.572214	
-0.999912	1.30306e-05	0.0132924	0.000357192	-0.999612	0.0278495	0.0132876	0.0278517	0.999524	-0.768437	0.0241396	0.572244	
-0.999916	1.36873e-05	0.0129785	0.000339387	-0.99963	0.0272021	0.012974	0.0272042	0.999546	-0.768424	0.0240142	0.572253	
-0.999919	1.58258e-05	0.0127006	0.00032239	-0.999645	0.0266274	0.0126965	0.0266293	0.999565	-0.768413	0.0239036	0.57225	
-0.999923	1.98144e-05	0.0124204	0.000303688	-0.999661	0.0260436	0.0124167	0.0260453	0.999584	-0.768402	0.0237905	0.572249	
-0.999926	2.16091e-05	0.0121446	0.000287709	-0.999676	0.0254672	0.0121413	0.0254688	0.999602	-0.768391	0.0236784	0.572247	
-0.99993	2.16507e-05	0.011874	0.00027404	-0.99969	0.0249001	0.0118709	0.0249016	0.999619	-0.768381	0.0235678	0.572245	
-0.999933	2.16916e-05	0.0116066	0.000260821	-0.999704	0.0243388	0.0116036	0.0243401	0.999636	-0.76837	0.0234579	0.572242	
-0.999936	2.18546e-05	0.0113423	0.000247929	-0.999717	0.0237837	0.0113396	0.0237849	0.999653	-0.76836	0.023349	0.572239	
-0.999939	2.28872e-05	0.0110814	0.000234614	-0.99973	0.0232354	0.0110789	0.0232366	0.999669	-0.768349	0.0232412	0.572237	
-0.999941	2.55574e-05	0.0108238	0.000220104	-0.999742	0.0226946	0.0108216	0.0226956	0.999684	-0.768339	0.0231346	0.572234	
-0.999944	3.0429e-05	0.0105697	0.000203829	-0.999754	0.0221614	0.0105678	0.0221623	0.999699	-0.768329	0.0230293	0.572231	
-0.999947	3.79002e-05	0.0103191	0.000185386	-0.999766	0.0216363	0.0103175	0.0216371	0.999713	-0.768319	0.0229255	0.572228	
-0.999949	4.82336e-05	0.010072	0.000164502	-0.999777	0.0211195	0.0100708	0.0211201	0.999726	-0.768309	0.0228231	0.572224	
-0.999952	6.1583e-05	0.00982855	0.000141016	-0.999788	0.0206113	0.00982773	0.0206117	0.999739	-0.768299	0.0227223	0.572221	
-0.999954	7.80141e-05	0.00958867	0.000114851	-0.999798	0.0201117	0.0095883	0.0201119	0.999752	-0.768289	0.0226231	0.572218	
-0.999956	9.75233e-05	0.00935239	8.60013e-05	-0.999807	0.0196209	0.00935251	0.0196208	0.999764	-0.768279	0.0225255	0.572215	
-0.999958	0.000120052	0.00911974	5.45141e-05	-0.999817	0.0191389	0.00912037	0.0191386	0.999775	-0.76827	0.0224296	0.572212	
-0.99996	0.0001455	0.0088907	2.04791e-05	-0.999826	0.0186659	0.00889187	0.0186654	0.999786	-0.76826	0.0223354	0.572208	
-0.999962	0.000173734	0.00866527	-1.59823e-05	-0.999834	0.0182019	0.00866699	0.018201	0.999797	-0.76825	0.022243	0.572205	
-0.999964	0.000204599	0.00844342	-5.47252e-05	-0.999843	0.0177467	0.00844573	0.0177456	0.999807	-0.768241	0.0221522	0.572202	
-0.999966	0.000237931	0.00822515	-9.55989e-05	-0.99985	0.0173006	0.00822804	0.0172992	0.999817	-0.768232	0.0220631	0.572198	
-0.999968	0.000273895	0.00801042	-0.00013878	-0.999858	0.0168632	0.0080139	0.0168616	0.999826	-0.768222	0.0219757	0.572195	
-0.99997	0.000312339	0.00779925	-0.000184124	-0.999865	0.0164347	0.00780333	0.0164328	0.999835	-0.768213	0.0218901	0.572192	
-0.999971	0.000352953	0.00759158	-0.000231335	-0.999872	0.016015	0.00759626	0.0160128	0.999843	-0.768204	0.0218061	0.572189	
-0.999973	0.000395454	0.00738739	-0.00028014	-0.999878	0.0156041	0.00739266	0.0156016	0.999851	-0.768195	0.0217238	0.572185	
-0.999974	0.000439577	0.00718663	-0.000330285	-0.999884	0.0152018	0.00719248	0.015199	0.999859	-0.768186	0.0216432	0.572182	
-0.999975	0.000485078	0.00698926	-0.000381537	-0.99989	0.014808	0.00699568	0.014805	0.999866	-0.768177	0.0215643	0.572179	
-0.999977	0.000531731	0.00679525	-0.00043368	-0.999896	0.0144227	0.00680221	0.0144194	0.999873	-0.768168	0.021487	0.572176	
-0.999978	0.000579329	0.00660453	-0.000486516	-0.999901	0.0140458	0.00661202	0.0140422	0.99988	-0.768159	0.0214113	0.572173	
-0.999979	0.000627679	0.00641709	-0.000539864	-0.999906	0.0136771	0.00642507	0.0136733	0.999886	-0.768151	0.0213372	0.572169	
-0.99998	0.000676604	0.00623286	-0.000593556	-0.999911	0.0133165	0.00624132	0.0133125	0.999892	-0.768142	0.0212648	0.572166	
-0.999981	0.000725945	0.00605181	-0.00064744	-0.999916	0.0129639	0.00606071	0.0129598	0.999898	-0.768134	0.0211938	0.572163	
-0.999982	0.000775551	0.00587389	-0.000701377	-0.99992	0.0126193	0.00588321	0.0126149	0.999903	-0.768125	0.0211244	0.57216	
-0.999983	0.000825287	0.00569906	-0.000755239	-0.999924	0.0122824	0.00570876	0.0122779	0.999908	-0.768117	0.0210565	0.572157	
-0.999984	0.000875031	0.00552727	-0.000808912	-0.999928	0.0119531	0.00553734	0.0119485	0.999913	-0.768109	0.0209901	0.572154	
-0.999985	0.000924668	0.00535849	-0.000862291	-0.999932	0.0116314	0.00536888	0.0116266	0.999918	-0.768101	0.0209252	0.572151	
-0.999986	0.000974098	0.00519266	-0.000915282	-0.999936	0.011317	0.00520335	0.0113121	0.999922	-0.768093	0.0208617	0.572148	
-0.999987	0.00102323	0.00502975	-0.0009678	-0.999939	0.0110099	0.00504071	0.0110049	0.999927	-0.768086	0.0207996	0.572146	
-0.999988	0.00107197	0.00486971	-0.00101977	-0.999942	0.0107099	0.00488091	0.0107048	0.999931	-0.768078	0.0207389	0.572143	
-0.999988	0.00112026	0.00471249	-0.00107112	-0.999945	0.010417	0.0047239	0.0104118	0.999935	-0.768071	0.0206796	0.57214	
-0.999989	0.00116802	0.00455806	-0.00112179	-0.999948	0.0101308	0.00456966	0.0101256	0.999938	-0.768063	0.0206216	0.572138	
-0.99999	0.00121519	0.00440638	-0.00117174	-0.999951	0.00985142	0.00441813	0.00984615	0.999942	-0.768056	0.020565	0.572135	
-0.99999	0.00126173	0.00425739	-0.0012209	-0.999953	0.00957861	0.00426928	0.00957331	0.999945	-0.768049	0.0205096	0.572132	
-0.999991	0.00130758	0.00411106	-0.00126925	-0.999956	0.00931226	0.00412306	0.00930696	0.999948	-0.768042	0.0204555	0.57213	
-0.999991	0.0013527	0.00396735	-0.00131674	-0.999958	0.00905225	0.00397943	0.00904695	0.999951	-0.768035	0.0204026	0.572127	
-0.999992	0.00139706	0.00382622	-0.00136335	-0.99996	0.00879845	0.00383836	0.00879317	0.999954	-0.768029	0.020351	0.572125	
-0.999992	0.00144062	0.00368762	-0.00140904	-0.999962	0.00855074	0.0036998	0.00854547	0.999957	-0.768022	0.0203005	0.572123	
-0.999993	0.00148336	0.00355152	-0.00145381	-0.999964	0.00830897	0.00356372	0.00830374	0.999959	-0.768016	0.0202512	0.57212	
-0.999993	0.00152526	0.00341787	-0.00149763	-0.999966	0.00807303	0.00343007	0.00806786	0.999962	-0.768009	0.0202031	0.572118	
-0.999993	0.0015663	0.00328664	-0.00154048	-0.999968	0.0078428	0.00329882	0.00783769	0.999964	-0.768003	0.020156	0.572116	
-0.999994	0.00160646	0.00315778	-0.00158237	-0.99997	0.00761815	0.00316992	0.00761311	0.999966	-0.767997	0.0201101	0.572114	
-0.999994	0.00164574	0.00303126	-0.00162327	-0.999971	0.00739896	0.00304335	0.007394	0.999968	-0.767991	0.0200653	0.572111	
-0.999994	0.00168412	0.00290704	-0.00166319	-0.999973	0.00718512	0.00291907	0.00718025	0.99997	-0.767985	0.0200215	0.572109	
-0.999995	0.0017216	0.00278509	-0.00170213	-0.999974	0.0069765	0.00279703	0.00697173	0.999972	-0.767979	0.0199787	0.572107	
-0.999995	0.00175817	0.00266535	-0.00174008	-0.999976	0.006773	0.0026772	0.00676833	0.999974	-0.767974	0.0199369	0.572105	
-0.999995	0.00179384	0.00254781	-0.00177706	-0.999977	0.00657449	0.00255954	0.00656993	0.999975	-0.767968	0.0198962	0.572104	
-0.999995	0.00182861	0.00243241	-0.00181305	-0.999978	0.00638086	0.00244403	0.00637643	0.999977	-0.767963	0.0198563	0.572102	
-0.999996	0.00186247	0.00231913	-0.00184808	-0.999979	0.00619202	0.00233061	0.0061877	0.999978	-0.767957	0.0198175	0.5721	
-0.999996	0.00189544	0.00220793	-0.00188214	-0.99998	0.00600783	0.00221927	0.00600365	0.99998	-0.767952	0.0197795	0.572098	
-0.999996	0.00192752	0.00209877	-0.00191525	-0.999981	0.00582821	0.00210996	0.00582417	0.999981	-0.767947	0.0197425	0.572096	
-0.999996	0.00195871	0.00199162	-0.00194742	-0.999982	0.00565305	0.00200266	0.00564915	0.999982	-0.767942	0.0197064	0.572095	
-0.999996	0.00198903	0.00188644	-0.00197866	-0.999983	0.00548224	0.00189732	0.00547848	0.999983	-0.767937	0.0196711	0.572093	
-0.999996	0.00201849	0.00178321	-0.00200899	-0.999984	0.00531568	0.00179391	0.00531207	0.999984	-0.767932	0.0196366	0.572091	
-0.999996	0.0020471	0.00168188	-0.00203841	-0.999985	0.00515327	0.0016924	0.00514983	0.999985	-0.767927	0.019603	0.57209	
-0.999997	0.00207486	0.00158243	-0.00206694	-0.999985	0.00499492	0.00159277	0.00499164	0.999986	-0.767922	0.0195702	0.572088	
-0.999997	0.0021018	0.00148482	-0.00209459	-0.999986	0.00484054	0.00149497	0.00483741	0.999987	-0.767918	0.0195382	0.572087	
-0.999997	0.00212793	0.00138901	-0.00212139	-0.999987	0.00469002	0.00139898	0.00468706	0.999988	-0.767913	0.019507	0.572085	
-0.999997	0.00215325	0.00129499	-0.00214734	-0.999987	0.00454329	0.00130476	0.00454049	0.999989	-0.767909	0.0194765	0.572084	
-0.999997	0.00217778	0.00120271	-0.00217247	-0.999988	0.00440024	0.00121228	0.00439761	0.99999	-0.767905	0.0194467	0.572083	
-0.999997	0.00220155	0.00111215	-0.00219679	-0.999989	0.00426079	0.00112152	0.00425833	0.99999	-0.767901	0.0194177	0.572081	
-0.999997	0.00222456	0.00102328	-0.00222032	-0.999989	0.00412486	0.00103244	0.00412257	0.999991	-0.767896	0.0193894	0.57208	
-0.999997	0.00224683	0.000936056	-0.00224307	-0.99999	0.00399236	0.000945017	0.00399025	0.999992	-0.767892	0.0193617	0.572079	
-0.999997	0.00226837	0.000850464	-0.00226507	-0.99999	0.00386321	0.000859219	0.00386127	0.999992	-0.767888	0.0193348	0.572078	
-0.999997	0.0022892	0.000766469	-0.00228632	-0.99999	0.00373732	0.000775018	0.00373556	0.999993	-0.767885	0.0193084	0.572077	
-0.999997	0.00231096	0.000683133	-0.00230848	-0.999991	0.00361241	0.000691475	0.00361083	0.999993	-0.767881	0.0192823	0.572076	
-0.999997	0.00233695	0.000598124	-0.00233486	-0.999991	0.00348316	0.000606259	0.00348175	0.999994	-0.767877	0.0192551	0.572076	
-0.999997	0.00236611	0.000511325	-0.00236439	-0.999992	0.00334978	0.000519247	0.00334856	0.999994	-0.767872	0.0192271	0.572078	
-0.999997	0.00239742	0.000422732	-0.00239605	-0.999992	0.00321268	0.00043043	0.00321165	0.999995	-0.767868	0.0191982	0.572082	
-0.999997	0.00243004	0.00033234	-0.00242901	-0.999992	0.00307215	0.000339803	0.00307134	0.999995	-0.767864	0.0191686	0.572086	
-0.999997	0.00246269	0.000240644	-0.00246197	-0.999993	0.00292925	0.000247856	0.00292865	0.999996	-0.767859	0.0191385	0.572092	
-0.999997	0.00249393	0.000148613	-0.0024935	-0.999993	0.00278574	0.00015556	0.00278536	0.999996	-0.767855	0.0191082	0.572098	
-0.999997	0.00252373	5.63314e-05	-0.00252358	-0.999993	0.00264189	6.29985e-05	0.00264174	0.999997	-0.76785	0.0190779	0.572105	
-0.999997	0.00255211	-3.61595e-05	-0.00255219	-0.999994	0.00249789	-2.97844e-05	0.00249797	0.999997	-0.767846	0.0190476	0.572113	
-0.999997	0.00257906	-0.000128831	-0.00257936	-0.999994	0.00235385	-0.000122759	0.00235417	0.999997	-0.767841	0.0190173	0.572121	
-0.999997	0.00260463	-0.000221668	-0.00260511	-0.999994	0.00220985	-0.00021591	0.00221042	0.999998	-0.767837	0.0189871	0.57213	
-0.999996	0.00262883	-0.000314665	-0.00262947	-0.999994	0.00206593	-0.000309232	0.00206675	0.999998	-0.767833	0.0189569	0.57214	
-0.999996	0.00265171	-0.000407826	-0.00265249	-0.999995	0.00192209	-0.000402727	0.00192317	0.999998	-0.767828	0.0189267	0.57215	
-0.999996	0.00267332	-0.000501165	-0.00267421	-0.999995	0.00177833	-0.000496409	0.00177967	0.999998	-0.767824	0.0188966	0.572161	
-0.999996	0.00269369	-0.000594699	-0.00269466	-0.999995	0.0016346	-0.000590293	0.0016362	0.999998	-0.76782	0.0188665	0.572172	
-0.999996	0.00271288	-0.000688453	-0.00271391	-0.999995	0.00149085	-0.000684405	0.00149272	0.999999	-0.767816	0.0188365	0.572184	
-0.999996	0.00273094	-0.000782453	-0.00273199	-0.999995	0.00134701	-0.000778771	0.00134915	0.999999	-0.767812	0.0188065	0.572197	
-0.999996	0.0027479	-0.000876732	-0.00274896	-0.999995	0.00120301	-0.000873422	0.00120541	0.999999	-0.767807	0.0187766	0.572211	
-0.999996	0.00276383	-0.000971325	-0.00276486	-0.999996	0.00105875	-0.000968394	0.00106143	0.999999	-0.767803	0.0187466	0.572225	
-0.999996	0.00277877	-0.00106627	-0.00277975	-0.999996	0.000914153	-0.00106372	0.000917112	0.999999	-0.767799	0.0187166	0.57224	
-0.999995	0.00279277	-0.0011616	-0.00279366	-0.999996	0.000769116	-0.00115945	0.000772357	0.999999	-0.767795	0.0186866	0.572255	
-0.999995	0.00275497	-0.00154538	-0.00275509	-0.999996	7.96458e-05	-0.00154515	8.39031e-05	0.999999	-0.767766	0.0185486	0.572608	
-0.999994	0.00263968	-0.00236461	-0.0026363	-0.999995	-0.00143236	-0.00236838	-0.00142612	0.999996	-0.767699	0.0182469	0.573473	
-0.999991	0.00246701	-0.00351027	-0.0024545	-0.999991	-0.0035615	-0.00351903	-0.00355285	0.999987	-0.767605	0.0178208	0.574728	
-0.999989	0.000502287	-0.00462457	-0.000480576	-0.999989	-0.0046947	-0.00462687	-0.00469242	0.999978	-0.767575	0.0176695	0.576147	
-0.999985	4.53817e-05	-0.00556277	-1.65026e-05	-0.999987	-0.00519143	-0.00556293	-0.00519125	0.999971	-0.767549	0.0176998	0.577694	
-0.999979	4.54256e-05	-0.00653055	-7.7922e-06	-0.999983	-0.00576258	-0.0065307	-0.0057624	0.999962	-0.76751	0.0177226	0.579373	
-0.999972	4.54839e-05	-0.00752613	2.33615e-06	-0.99998	-0.00635374	-0.00752626	-0.00635357	0.999951	-0.767471	0.0177462	0.581132	
-0.999964	4.55522e-05	-0.00852597	1.37175e-05	-0.999976	-0.00695149	-0.00852608	-0.00695135	0.999939	-0.76743	0.0177701	0.582932	
-0.999955	4.56252e-05	-0.00951176	2.61464e-05	-0.999972	-0.00754531	-0.00951184	-0.00754521	0.999926	-0.767391	0.0177939	0.584743	
-0.999945	4.56989e-05	-0.0104695	3.9391e-05	-0.999967	-0.00812706	-0.0104695	-0.00812703	0.999912	-0.767353	0.0178171	0.586539	
-0.999935	4.57701e-05	-0.0113887	5.32089e-05	-0.999962	-0.00869055	-0.0113886	-0.00869059	0.999897	-0.767316	0.0178396	0.588303	
-0.999925	4.58367e-05	-0.0122617	6.73595e-05	-0.999957	-0.00923115	-0.0122616	-0.00923128	0.999882	-0.767281	0.0178612	0.590017	
-0.999914	4.58974e-05	-0.0130831	8.16135e-05	-0.999953	-0.00974549	-0.013083	-0.00974573	0.999867	-0.767248	0.0178817	0.591672	
-0.999904	4.59515e-05	-0.0138497	9.57597e-05	-0.999948	-0.0102313	-0.0138494	-0.0102316	0.999852	-0.767217	0.0179011	0.593259	
-0.999894	4.5999e-05	-0.0145593	0.00010961	-0.999943	-0.0106869	-0.014559	-0.0106874	0.999837	-0.767189	0.0179193	0.594772	
-0.999884	4.604e-05	-0.0152113	0.000122999	-0.999938	-0.0111116	-0.0152109	-0.0111122	0.999823	-0.767163	0.0179362	0.596207	
