4.84959e-08	-1	-2.87884e-08	-1	-4.84959e-08	-6.54854e-08	6.54853e-08	2.87884e-08	-1	-0.83	0.043	0.676	
-0.00266273	-0.999994	-0.00235316	-0.999879	0.00262632	0.0153437	-0.0153374	0.00239373	-0.99988	-0.832275	0.0435351	0.699159	
-0.00519181	-0.999977	-0.0043677	-0.999511	0.00505467	0.030846	-0.0308232	0.00452571	-0.999515	-0.832987	0.0436953	0.722262	
-0.00758005	-0.999953	-0.00604235	-0.998892	0.00729105	0.0464949	-0.0464486	0.00638809	-0.9989	-0.832145	0.0434608	0.745206	
-0.00982009	-0.999925	-0.00737617	-0.998015	0.00934193	0.0622783	-0.0622047	0.0079731	-0.998032	-0.82976	0.0428132	0.767886	
-0.00443915	-0.999981	-0.00424469	-0.999499	0.0043039	0.0313575	-0.0313386	0.00438176	-0.999499	-0.829853	0.0427569	0.772056	
3.94126e-09	-1	-2.32935e-09	-1	-3.94126e-09	-5.29421e-09	5.29421e-09	2.32935e-09	-1	-0.83	0.043	0.776	
