-0.99764	-0.065347	0.02107	0.0665461	-0.995831	0.0623911	0.0169051	0.0636459	0.997829	-0.287693	-0.129207	0.805476	
-0.999585	-0.0287733	0.0013811	0.0288062	-0.998252	0.0515985	-0.000105968	0.0516169	0.998667	-0.2977	-0.132332	0.80587	
-0.999814	0.00831401	-0.0174194	-0.00899457	-0.999185	0.0393624	-0.017078	0.0395117	0.999073	-0.307729	-0.13547	0.806065	
-0.998327	0.0458491	-0.0352364	-0.0467689	-0.998574	0.0257383	-0.0340061	0.0273432	0.999048	-0.317777	-0.138618	0.806062	
-0.995129	0.0837617	-0.0519776	-0.0844297	-0.996371	0.0107882	-0.0508854	0.0151241	0.99859	-0.32784	-0.141773	0.805859	
-0.990231	0.121977	-0.0675548	-0.121891	-0.992529	-0.00541989	-0.0677112	0.00286735	0.997701	-0.337917	-0.144933	0.805459	
-0.983647	0.160418	-0.0818835	-0.159066	-0.987004	-0.0228122	-0.0844788	-0.00941427	0.996381	-0.348005	-0.148094	0.804859	
-0.975395	0.199	-0.0948837	-0.195872	-0.979759	-0.0413094	-0.101184	-0.0217079	0.994631	-0.358101	-0.151253	0.804061	
-0.9655	0.237639	-0.10648	-0.232225	-0.970758	-0.0608265	-0.117821	-0.0340006	0.992453	-0.368202	-0.154409	0.803065	
-0.953988	0.276244	-0.116603	-0.268043	-0.959973	-0.081274	-0.134387	-0.0462797	0.989848	-0.378308	-0.157558	0.80187	
-0.940892	0.314723	-0.125188	-0.303247	-0.947377	-0.102557	-0.150877	-0.0585322	0.986818	-0.388414	-0.160698	0.800479	
-0.926247	0.352981	-0.132176	-0.337759	-0.932952	-0.124577	-0.167287	-0.0707455	0.983367	-0.398518	-0.163825	0.798891	
-0.910094	0.39092	-0.137515	-0.371504	-0.916683	-0.147231	-0.183613	-0.0829069	0.979496	-0.408618	-0.166938	0.797107	
-0.892477	0.428439	-0.141158	-0.404407	-0.898563	-0.170412	-0.19985	-0.0950036	0.97521	-0.418711	-0.170032	0.795127	
-0.873442	0.465436	-0.143066	-0.436399	-0.878587	-0.19401	-0.215995	-0.107023	0.970511	-0.428796	-0.173106	0.792954	
-0.853042	0.501808	-0.143206	-0.467413	-0.856761	-0.217914	-0.232044	-0.118953	0.965404	-0.438869	-0.176157	0.790587	
-0.83133	0.53745	-0.141553	-0.497383	-0.833093	-0.242006	-0.247993	-0.130781	0.959894	-0.448927	-0.179182	0.788029	
-0.808365	0.572257	-0.138088	-0.526247	-0.8076	-0.266171	-0.263838	-0.142495	0.953984	-0.45897	-0.182178	0.785279	
-0.784206	0.606123	-0.1328	-0.553948	-0.780303	-0.290289	-0.279576	-0.154082	0.947679	-0.468994	-0.185143	0.782341	
-0.758917	0.638943	-0.125687	-0.580431	-0.751233	-0.314242	-0.295203	-0.165531	0.940986	-0.478997	-0.188074	0.779214	
-0.732564	0.670611	-0.116752	-0.605645	-0.720425	-0.337908	-0.310716	-0.176829	0.93391	-0.488976	-0.190968	0.775901	
-0.705215	0.701023	-0.106007	-0.629542	-0.687921	-0.361168	-0.326111	-0.187966	0.926456	-0.49893	-0.193823	0.772403	
-0.676942	0.730077	-0.0934711	-0.652077	-0.65377	-0.383901	-0.341386	-0.198928	0.918631	-0.508856	-0.196636	0.768723	
-0.647816	0.757671	-0.0791724	-0.673213	-0.618027	-0.405989	-0.356537	-0.209706	0.910442	-0.518751	-0.199405	0.764861	
-0.617912	0.783707	-0.0631454	-0.692912	-0.580755	-0.427313	-0.371561	-0.220288	0.901896	-0.528614	-0.202127	0.76082	
-0.587306	0.808089	-0.0454324	-0.711143	-0.542021	-0.447759	-0.386454	-0.230662	0.892999	-0.538442	-0.2048	0.756602	
-0.556074	0.830723	-0.0260836	-0.727879	-0.501901	-0.467212	-0.401215	-0.240819	0.883761	-0.548233	-0.207421	0.752209	
-0.524295	0.851521	-0.00515594	-0.743096	-0.460476	-0.485562	-0.41584	-0.250746	0.874187	-0.557985	-0.209989	0.747643	
-0.492048	0.870396	0.017286	-0.756774	-0.417833	-0.502702	-0.430327	-0.260435	0.864287	-0.567695	-0.212499	0.742907	
-0.459413	0.887268	0.0411708	-0.768899	-0.374063	-0.518528	-0.444673	-0.269875	0.854069	-0.577362	-0.214951	0.738002	
-0.42647	0.90206	0.0664205	-0.77946	-0.329267	-0.532941	-0.458874	-0.279055	0.843542	-0.586983	-0.217342	0.732932	
-0.393299	0.9147	0.0929502	-0.78845	-0.283546	-0.545846	-0.47293	-0.287967	0.832714	-0.596556	-0.21967	0.727699	
-0.359979	0.925124	0.120669	-0.795867	-0.237011	-0.557154	-0.486837	-0.296601	0.821595	-0.606079	-0.221933	0.722306	
-0.326592	0.93327	0.149481	-0.801714	-0.189774	-0.566781	-0.500593	-0.304947	0.810194	-0.615551	-0.224128	0.716755	
-0.293216	0.939086	0.179282	-0.805995	-0.141953	-0.574649	-0.514195	-0.312997	0.798521	-0.624968	-0.226254	0.71105	
-0.25993	0.942523	0.209967	-0.808721	-0.0936702	-0.580685	-0.527642	-0.320742	0.786587	-0.634329	-0.228308	0.705192	
-0.226812	0.943542	0.241421	-0.809907	-0.0450508	-0.584825	-0.540931	-0.328174	0.7744	-0.643632	-0.230289	0.699186	
-0.193938	0.942109	0.273529	-0.809571	0.0037763	-0.58701	-0.554061	-0.335285	0.761972	-0.652875	-0.232195	0.693033	
-0.161384	0.938198	0.30617	-0.807734	0.0526797	-0.587189	-0.567029	-0.342067	0.749312	-0.662056	-0.234024	0.686738	
-0.129224	0.93179	0.339219	-0.804422	0.101525	-0.585318	-0.579833	-0.348512	0.736433	-0.671172	-0.235774	0.680303	
-0.0975291	0.922873	0.372549	-0.799666	0.150177	-0.581361	-0.592471	-0.354614	0.723344	-0.680223	-0.237444	0.673732	
-0.0663697	0.911446	0.40603	-0.793499	0.198498	-0.57529	-0.604942	-0.360366	0.710057	-0.689206	-0.239032	0.667028	
-0.035814	0.897513	0.43953	-0.785956	0.24635	-0.567084	-0.617244	-0.365761	0.696583	-0.698119	-0.240536	0.660193	
-0.00592765	0.881088	0.472916	-0.777079	0.293593	-0.556733	-0.629375	-0.370793	0.682934	-0.70696	-0.241955	0.653233	
0.0232261	0.86219	0.506053	-0.76691	0.34009	-0.544231	-0.641334	-0.375457	0.669121	-0.715728	-0.243288	0.646149	
0.0515864	0.84085	0.538804	-0.755497	0.3857	-0.529585	-0.653118	-0.379746	0.655156	-0.72442	-0.244533	0.638947	
0.0790952	0.817105	0.571037	-0.742888	0.430287	-0.512806	-0.664727	-0.383656	0.641051	-0.733035	-0.245689	0.631628	
0.105698	0.791002	0.602614	-0.729135	0.473716	-0.493918	-0.676158	-0.387181	0.626818	-0.741572	-0.246754	0.624197	
0.131341	0.762594	0.633403	-0.714294	0.515851	-0.472951	-0.687411	-0.390318	0.612468	-0.750027	-0.247728	0.616658	
0.155977	0.731943	0.663272	-0.69842	0.556562	-0.449942	-0.698484	-0.393062	0.598015	-0.7584	-0.24861	0.609014	
0.17956	0.69912	0.692091	-0.681575	0.59572	-0.424939	-0.709376	-0.39541	0.58347	-0.766689	-0.249399	0.601268	
0.202046	0.664201	0.719732	-0.663819	0.633201	-0.397996	-0.720084	-0.397358	0.568845	-0.774892	-0.250093	0.593426	
0.223398	0.627273	0.746071	-0.645216	0.668883	-0.369177	-0.730609	-0.398903	0.554154	-0.783008	-0.250692	0.58549	
0.243579	0.588428	0.770987	-0.625831	0.702651	-0.338553	-0.740949	-0.400043	0.539408	-0.791034	-0.251196	0.577464	
0.243163	0.624749	0.741997	-0.64518	0.675377	-0.357222	-0.724303	-0.391859	0.567303	-0.791453	-0.244159	0.585578	
0.24211	0.659344	0.711793	-0.664645	0.647162	-0.373402	-0.706845	-0.382685	0.594914	-0.791639	-0.236758	0.593654	
0.240394	0.692168	0.680525	-0.684178	0.618145	-0.387036	-0.688558	-0.372559	0.622164	-0.791583	-0.229001	0.601673	
0.237988	0.723189	0.648351	-0.703729	0.58847	-0.398081	-0.669423	-0.361525	0.648978	-0.791277	-0.220898	0.609615	
0.234871	0.752385	0.615428	-0.723242	0.55828	-0.406503	-0.649428	-0.349628	0.67528	-0.790716	-0.212459	0.617464	
0.231023	0.779745	0.581916	-0.742659	0.527715	-0.41228	-0.628559	-0.336919	0.700999	-0.789892	-0.203696	0.625201	
0.226428	0.805266	0.547975	-0.761916	0.496916	-0.415402	-0.606807	-0.323453	0.726061	-0.7888	-0.19462	0.632807	
0.221076	0.828957	0.513766	-0.780946	0.466019	-0.415872	-0.584164	-0.309285	0.750396	-0.787435	-0.185245	0.640267	
0.214959	0.850836	0.479449	-0.79968	0.435158	-0.413702	-0.560629	-0.294476	0.773937	-0.785792	-0.175586	0.647562	
0.208077	0.87093	0.445181	-0.818044	0.404463	-0.408919	-0.536198	-0.279091	0.796618	-0.783867	-0.165657	0.654676	
0.200431	0.889275	0.411117	-0.835963	0.374057	-0.401557	-0.510876	-0.263194	0.818373	-0.781657	-0.155473	0.661594	
0.192031	0.905917	0.37741	-0.853359	0.34406	-0.391664	-0.484667	-0.246855	0.839143	-0.779159	-0.145052	0.668299	
0.182892	0.920908	0.344208	-0.870156	0.314583	-0.379297	-0.45758	-0.230144	0.858868	-0.776373	-0.134409	0.674777	
0.173035	0.934308	0.311654	-0.886272	0.285732	-0.364526	-0.429629	-0.213135	0.877492	-0.773297	-0.123563	0.681014	
0.162485	0.946183	0.279886	-0.901629	0.257604	-0.347426	-0.400829	-0.195902	0.894963	-0.769932	-0.11253	0.686996	
0.151276	0.956607	0.249035	-0.916147	0.230289	-0.328087	-0.3712	-0.178521	0.91123	-0.766277	-0.101331	0.692711	
0.139448	0.965658	0.219226	-0.929749	0.203868	-0.306603	-0.340767	-0.16107	0.926248	-0.762336	-0.0899836	0.698145	
0.127045	0.973417	0.190576	-0.942356	0.178412	-0.283079	-0.309555	-0.143627	0.939972	-0.75811	-0.0785069	0.703288	
0.114119	0.979972	0.163195	-0.953895	0.153985	-0.257628	-0.277597	-0.126271	0.952363	-0.753604	-0.0669203	0.708129	
0.100729	0.985411	0.137184	-0.964295	0.130641	-0.230366	-0.244927	-0.109081	0.963386	-0.74882	-0.0552437	0.712659	
0.0869371	0.989826	0.112634	-0.973486	0.108422	-0.201421	-0.211584	-0.0921367	0.973007	-0.743766	-0.0434966	0.716868	
0.0728134	0.99331	0.0896296	-0.981404	0.0873635	-0.170923	-0.17761	-0.0755174	0.981199	-0.738446	-0.0316989	0.720748	
0.0584324	0.995956	0.0682433	-0.987989	0.0674898	-0.139006	-0.14305	-0.0593011	0.987937	-0.732868	-0.0198703	0.724292	
0.0438741	0.997857	0.0485387	-0.993187	0.0488157	-0.105812	-0.107955	-0.0435657	0.993201	-0.727039	-0.00803042	0.727495	
0.0292228	0.999105	0.0305695	-0.996949	0.0313468	-0.0714821	-0.0723764	-0.0283873	0.996973	-0.720969	0.00380113	0.730349	
0.0145672	0.999791	0.0143789	-0.999232	0.0150791	-0.0361624	-0.0363716	-0.0138411	0.999242	-0.714667	0.0156051	0.732852	
-1.85422e-07	1	6.05678e-14	-1	-1.85422e-07	-7.10077e-15	-7.10134e-15	-6.0564e-14	1	-0.708143	0.0273626	0.735	
