0.997833	-0.0527789	0.0392799	-0.0621733	-0.951719	0.300608	0.0215177	-0.302399	-0.952939	0.214985	0.614034	1.17644	
0.994497	-0.072106	0.0759972	-0.0923725	-0.945764	0.311446	0.0494182	-0.316752	-0.94722	0.21663	0.638195	1.17192	
0.989572	-0.0903584	0.112169	-0.122455	-0.937798	0.32487	0.0758369	-0.335218	-0.939083	0.216618	0.662888	1.16825	
0.983212	-0.107423	0.147491	-0.152478	-0.927696	0.34078	0.100219	-0.357548	-0.928502	0.214855	0.687987	1.16545	
0.975608	-0.123223	0.181674	-0.182466	-0.915313	0.359037	0.122047	-0.383429	-0.915471	0.211256	0.713351	1.16355	
0.966977	-0.137724	0.214446	-0.21241	-0.900491	0.379471	0.140845	-0.41249	-0.900008	0.205748	0.738831	1.16255	
0.957558	-0.150938	0.24556	-0.242256	-0.883066	0.401878	0.156187	-0.44431	-0.882153	0.198272	0.764266	1.16245	
0.91999	-0.265168	0.288625	-0.362601	-0.855382	0.369923	0.148793	-0.444981	-0.883093	0.217178	0.763831	1.15033	
0.867081	-0.373672	0.329454	-0.477269	-0.812647	0.334393	0.142777	-0.447184	-0.882973	0.236124	0.761788	1.13833	
