1	4.84959e-08	6.54854e-08	-4.84959e-08	1	2.87884e-08	-6.54853e-08	-2.87884e-08	1	-0.0225	1.1105	1.296	
0.999879	-0.00262632	-0.0153437	0.00266273	0.999994	0.00235316	0.0153374	-0.00239373	0.99988	-0.0230351	1.11277	1.27284	
0.999511	-0.00505467	-0.030846	0.00519181	0.999977	0.0043677	0.0308232	-0.00452571	0.999515	-0.0231953	1.11349	1.24974	
0.998892	-0.00729105	-0.0464949	0.00758005	0.999953	0.00604235	0.0464486	-0.00638809	0.9989	-0.0229608	1.11264	1.22679	
0.998015	-0.00934193	-0.0622783	0.00982009	0.999925	0.00737617	0.0622047	-0.0079731	0.998032	-0.0223132	1.11026	1.20411	
0.999499	-0.0043039	-0.0313575	0.00443915	0.999981	0.00424469	0.0313386	-0.00438176	0.999499	-0.0222569	1.11035	1.19994	
1	3.94126e-09	5.29421e-09	-3.94126e-09	1	2.32935e-09	-5.29421e-09	-2.32935e-09	1	-0.0225	1.1105	1.196	
