0.924766	0.300578	-0.233366	0.380527	-0.726485	0.572204	0.0024548	-0.617958	-0.786208	0.0132933	0.637423	1.21369	
0.908747	0.290374	-0.299771	0.415377	-0.699013	0.582102	-0.0405161	-0.653502	-0.75584	-0.00120268	0.629924	1.22085	
0.888135	0.277942	-0.366012	0.451906	-0.673105	0.585415	-0.0836525	-0.685331	-0.723411	-0.0145985	0.620801	1.228	
0.862688	0.263745	-0.431519	0.489633	-0.649174	0.582093	-0.126607	-0.71345	-0.689173	-0.026769	0.610147	1.23507	
0.832233	0.248287	-0.495724	0.528027	-0.627569	0.572141	-0.169045	-0.73791	-0.653385	-0.0375984	0.59807	1.24197	
0.796675	0.232109	-0.558063	0.566511	-0.608563	0.555622	-0.210651	-0.758799	-0.61632	-0.0469808	0.584692	1.24863	
0.756002	0.215775	-0.617983	0.604478	-0.592356	0.532654	-0.251132	-0.776245	-0.578253	-0.0548217	0.570143	1.25497	
