-0.995	-0.0998755	2.78273e-05	-0.0998755	0.995	1.54352e-05	-2.92297e-05	1.25788e-05	-1	-0.756899	0.0184994	0.869	
-0.994967	-0.100207	0.000243725	-0.100207	0.994967	0.000147501	-0.000257278	0.000122336	-1	-0.756898	0.0184949	0.868998	
-0.994941	-0.10046	0.000407863	-0.10046	0.994941	0.000247989	-0.000430713	0.000205761	-1	-0.756898	0.0184915	0.868997	
-0.994922	-0.100647	0.000529465	-0.100647	0.994922	0.000322493	-0.000559235	0.000267566	-1	-0.756897	0.018489	0.868996	
-0.994909	-0.10078	0.000616249	-0.10078	0.994909	0.000375706	-0.000650976	0.000311687	-1	-0.756897	0.0184872	0.868995	
-0.994899	-0.10087	0.000674667	-0.10087	0.9949	0.00041156	-0.00071274	0.000341408	-1	-0.756897	0.018486	0.868995	
-0.994894	-0.100919	0.000715246	-0.100919	0.994895	0.000437352	-0.000755731	0.000362937	-1	-0.756896	0.0184845	0.868995	
-0.994893	-0.10093	0.00074581	-0.100929	0.994893	0.000459056	-0.000788333	0.000381438	-1	-0.756892	0.0184819	0.868994	
-0.994895	-0.10091	0.000766331	-0.100909	0.994895	0.000476672	-0.00081052	0.000396909	-1	-0.756888	0.0184786	0.868994	
-0.9949	-0.100867	0.000776795	-0.100867	0.9949	0.000490201	-0.000822278	0.000409348	-1	-0.756884	0.0184749	0.868994	
-0.994906	-0.100807	0.000777186	-0.100806	0.994906	0.000499642	-0.000823594	0.000418751	-1	-0.75688	0.0184711	0.868995	
-0.994954	-0.100325	0.000768896	-0.100324	0.994955	0.000504225	-0.000815603	0.000424542	-1	-0.756918	0.0184675	0.868995	
-0.995129	-0.098581	0.000755829	-0.0985807	0.995129	0.000502697	-0.000801703	0.000425738	-1	-0.757084	0.0184644	0.868995	
-0.995398	-0.0958227	0.000738971	-0.0958224	0.995398	0.000496164	-0.000783114	0.000423071	-1	-0.757352	0.0184624	0.868995	
-0.995732	-0.0922925	0.000719063	-0.0922921	0.995732	0.000485664	-0.000760817	0.000417227	-1	-0.757699	0.0184615	0.868996	
-0.996103	-0.0881903	0.000696748	-0.08819	0.996104	0.000472082	-0.000735666	0.000408796	-1	-0.758103	0.018462	0.868996	
-0.996492	-0.0836804	0.000672586	-0.0836801	0.996493	0.000456165	-0.000708399	0.000398283	-1	-0.758549	0.0184641	0.868996	
-0.996883	-0.0788971	0.000647068	-0.0788969	0.996883	0.00043854	-0.00067965	0.000386121	-1	-0.759023	0.0184677	0.868996	
-0.997262	-0.0739494	0.000620422	-0.0739491	0.997262	0.00041955	-0.000649748	0.000372521	-1	-0.759514	0.0184726	0.868996	
-0.997622	-0.0689254	0.000592912	-0.0689252	0.997622	0.000399515	-0.000619038	0.000357699	-1	-0.760013	0.0184788	0.868996	
-0.997956	-0.0638965	0.000565054	-0.0638963	0.997956	0.000378964	-0.000588114	0.000342085	-1	-0.760512	0.0184861	0.868997	
-0.998263	-0.0589193	0.00053747	-0.0589191	0.998263	0.000358514	-0.00055766	0.000326223	-1	-0.761007	0.0184939	0.868997	
-0.998539	-0.0540379	0.000510171	-0.0540377	0.998539	0.000338203	-0.000527702	0.00031014	-1	-0.761492	0.0185023	0.868997	
-0.998785	-0.0492862	0.000483284	-0.049286	0.998785	0.000318168	-0.000498378	0.000293962	-1	-0.761965	0.018511	0.868997	
-0.999001	-0.044689	0.000456316	-0.0446889	0.999001	0.000297989	-0.000469177	0.000277299	-1	-0.762422	0.0185198	0.868997	
-0.999189	-0.0402583	0.000424535	-0.0402582	0.999189	0.000273388	-0.000435197	0.000256075	-1	-0.762863	0.0185297	0.868998	
-0.999351	-0.0360076	0.000387929	-0.0360075	0.999351	0.000244078	-0.000396466	0.000229951	-1	-0.763285	0.0185406	0.869	
-0.99949	-0.0319464	0.000350991	-0.0319464	0.99949	0.000211378	-0.000357565	0.000200057	-1	-0.763688	0.0185521	0.869002	
-0.999606	-0.0280731	0.000343801	-0.0280731	0.999606	0.000184	-0.000348831	0.000174276	-1	-0.764065	0.0185629	0.869003	
-0.999702	-0.0244	0.000337657	-0.0243999	0.999702	0.000156382	-0.000341373	0.000148096	-1	-0.764421	0.0185734	0.869003	
-0.999781	-0.0209278	0.000332593	-0.0209277	0.999781	0.000128911	-0.000335218	0.000121922	-1	-0.764756	0.0185836	0.869004	
-0.999844	-0.0176551	0.000328479	-0.0176551	0.999844	0.000101862	-0.000330226	9.6047e-05	-1	-0.765072	0.0185933	0.869005	
-0.999894	-0.014579	0.000325066	-0.014579	0.999894	7.54298e-05	-0.000326131	7.06826e-05	-1	-0.765368	0.0186024	0.869005	
-0.999932	-0.0116949	0.000322159	-0.0116949	0.999932	4.9747e-05	-0.000322719	4.59759e-05	-1	-0.765646	0.018611	0.869006	
-0.999959	-0.0089995	0.000313851	-0.00899949	0.99996	2.36571e-05	-0.000314052	2.08317e-05	-1	-0.765906	0.0186192	0.869007	
-0.999971	-0.0074746	0.00125709	-0.00747409	0.999972	0.000410934	-0.00126013	0.000401526	-0.999999	-0.765981	0.0185562	0.869037	
-0.999958	-0.00851955	0.00329355	-0.00851399	0.999962	0.00170079	-0.00330791	0.00167267	-0.999993	-0.765992	0.0183544	0.869096	
-0.999918	-0.0114284	0.00580241	-0.0114074	0.999928	0.00365373	-0.00584375	0.00358724	-0.999976	-0.76605	0.0180545	0.869182	
-0.999869	-0.0142168	0.00775937	-0.0141732	0.999884	0.00565122	-0.00783881	0.0055405	-0.999954	-0.766323	0.0177886	0.869349	
-0.999864	-0.013883	0.00887224	-0.0138248	0.999883	0.00658347	-0.0089626	0.00645991	-0.999939	-0.766674	0.017796	0.869771	
-0.999868	-0.0131238	0.00960602	-0.0130549	0.999889	0.00720531	-0.00969951	0.00707896	-0.999928	-0.766979	0.0178133	0.870464	
-0.999877	-0.0120417	0.0100334	-0.0119659	0.9999	0.00757578	-0.0101236	0.00745479	-0.999921	-0.767244	0.0178382	0.871364	
-0.99989	-0.0107209	0.0102147	-0.010642	0.999913	0.00774435	-0.0102968	0.0076348	-0.999918	-0.767475	0.0178691	0.872417	
-0.999905	-0.0090601	0.010374	-0.00897952	0.999929	0.00778867	-0.0104438	0.00769478	-0.999916	-0.76763	0.0178948	0.873578	
-0.999918	-0.00694975	0.0107222	-0.00686654	0.999946	0.00777776	-0.0107757	0.0077035	-0.999912	-0.767667	0.0179044	0.87481	
-0.999929	-0.00485669	0.0108639	-0.00477372	0.999959	0.00765024	-0.0109006	0.00759784	-0.999912	-0.767704	0.0179209	0.876086	
-0.999937	-0.00280673	0.0108385	-0.00272626	0.999969	0.00743217	-0.010859	0.00740216	-0.999914	-0.767741	0.017943	0.877383	
-0.999943	-0.000819849	0.010679	-0.000743568	0.999974	0.00714507	-0.0106846	0.00713672	-0.999917	-0.767778	0.0179695	0.878682	
-0.999944	0.000907136	0.0105482	0.000979314	0.999976	0.0068395	-0.0105418	0.00684945	-0.999921	-0.767778	0.0179913	0.879966	
-0.999942	0.00234888	0.010467	0.0024173	0.999976	0.00652939	-0.0104514	0.00655431	-0.999924	-0.767743	0.0180074	0.881224	
-0.99994	0.00367314	0.0103056	0.00373707	0.999974	0.00619079	-0.0102826	0.00622893	-0.999928	-0.767711	0.0180261	0.882449	
-0.999937	0.00488763	0.0100813	0.0049466	0.999971	0.00583332	-0.0100525	0.00588283	-0.999932	-0.767683	0.0180468	0.883633	
-0.999934	0.00599964	0.00980826	0.00605344	0.999967	0.00546479	-0.00977515	0.0055238	-0.999937	-0.767658	0.018069	0.884771	
-0.99993	0.00701605	0.00949837	0.00706464	0.999962	0.00509145	-0.00946229	0.00515819	-0.999942	-0.767636	0.0180922	0.88586	
-0.999926	0.00794334	0.00916126	0.00798681	0.999957	0.00471829	-0.00912338	0.00479111	-0.999947	-0.767616	0.0181161	0.886898	
-0.999923	0.00878759	0.00880488	0.00882614	0.999952	0.00434926	-0.00876624	0.00442664	-0.999952	-0.767598	0.0181403	0.887883	
-0.999919	0.0095545	0.00843575	0.0095884	0.999946	0.00398745	-0.00839719	0.00406801	-0.999956	-0.767583	0.0181647	0.888814	
-0.999915	0.0102494	0.00805915	0.010279	0.999941	0.00363523	-0.00802141	0.00371776	-0.999961	-0.767569	0.0181889	0.889693	
-0.999911	0.0108773	0.00767939	0.0109029	0.999935	0.00329436	-0.00764306	0.0033778	-0.999965	-0.767557	0.0182128	0.890519	
-0.999908	0.0114429	0.00729992	0.0114648	0.99993	0.00296617	-0.00726547	0.00304958	-0.999969	-0.767547	0.0182364	0.891293	
-0.999905	0.0119506	0.00692351	0.0119692	0.999925	0.00265154	-0.00689131	0.00273415	-0.999973	-0.767538	0.0182594	0.892018	
-0.999902	0.0124043	0.00655236	0.0124199	0.99992	0.00235107	-0.00652267	0.00243222	-0.999976	-0.76753	0.0182818	0.892694	
-0.999899	0.012808	0.00618817	0.012821	0.999916	0.00206508	-0.0061612	0.00214421	-0.999979	-0.767524	0.0183035	0.893323	
