-0.999999	0.00165682	-5.72725e-06	0.00165682	0.999999	9.60355e-07	5.72883e-06	9.50865e-07	-1	-0.785173	0.00898325	0.859009	
-0.999999	0.00165592	-3.22562e-05	0.00165592	0.999999	5.40881e-06	3.22651e-05	5.35539e-06	-1	-0.785174	0.00898108	0.859074	
-0.999999	0.00164892	-5.55101e-05	0.00164892	0.999999	9.30798e-06	5.55254e-05	9.21644e-06	-1	-0.785176	0.00897918	0.859169	
-0.999999	0.00163651	-7.57909e-05	0.00163651	0.999999	1.27082e-05	7.58116e-05	1.25842e-05	-1	-0.785177	0.00897753	0.859289	
-0.999999	0.00161934	-9.33745e-05	0.00161934	0.999999	1.56558e-05	9.33997e-05	1.55046e-05	-1	-0.785178	0.00897609	0.859432	
-0.999999	0.001598	-0.000108514	0.001598	0.999999	1.8193e-05	0.000108543	1.80196e-05	-1	-0.785178	0.00897485	0.859595	
-0.999999	0.001573	-0.00012144	0.001573	0.999999	2.03586e-05	0.000121472	2.01676e-05	-1	-0.785179	0.00897379	0.859775	
-0.999999	0.00154483	-0.000132366	0.00154483	0.999999	2.21882e-05	0.0001324	2.19837e-05	-1	-0.78518	0.00897289	0.85997	
-0.999999	0.00151393	-0.000141483	0.00151392	0.999999	2.37142e-05	0.000141519	2.35e-05	-1	-0.78518	0.00897215	0.860177	
-0.999999	0.00148068	-0.00014897	0.00148068	0.999999	2.49665e-05	0.000149007	2.47459e-05	-1	-0.785181	0.00897153	0.860394	
-0.999999	0.00144545	-0.000154988	0.00144545	0.999999	2.59721e-05	0.000155025	2.5748e-05	-1	-0.785181	0.00897104	0.86062	
-0.999999	0.00140856	-0.000159685	0.00140856	0.999999	2.67559e-05	0.000159722	2.6531e-05	-1	-0.785181	0.00897065	0.860854	
-0.999999	0.00137031	-0.000163195	0.0013703	0.999999	2.73407e-05	0.000163233	2.71171e-05	-1	-0.785181	0.00897036	0.861093	
-0.999999	0.00133094	-0.000165643	0.00133094	0.999999	2.77472e-05	0.00016568	2.75267e-05	-1	-0.785181	0.00897016	0.861336	
-0.999999	0.00129072	-0.00016714	0.00129071	0.999999	2.79942e-05	0.000167176	2.77785e-05	-1	-0.785182	0.00897004	0.861582	
-0.999999	0.00124983	-0.000167788	0.00124983	0.999999	2.80991e-05	0.000167823	2.78894e-05	-1	-0.785182	0.00896999	0.86183	
-0.999999	0.00120849	-0.000167682	0.00120849	0.999999	2.80776e-05	0.000167716	2.78749e-05	-1	-0.785182	0.00897	0.86208	
-0.999999	0.00116686	-0.000166907	0.00116685	0.999999	2.79439e-05	0.000166939	2.77491e-05	-1	-0.785182	0.00897006	0.862329	
-0.999999	0.00112509	-0.000165539	0.00112509	0.999999	2.77111e-05	0.000165571	2.75248e-05	-1	-0.785182	0.00897018	0.862578	
-0.999999	0.00108332	-0.000163651	0.00108332	0.999999	2.73911e-05	0.00016368	2.72138e-05	-1	-0.785181	0.00897034	0.862826	
-0.999999	0.00104168	-0.000161304	0.00104168	0.999999	2.69947e-05	0.000161332	2.68266e-05	-1	-0.785181	0.00897053	0.863073	
-0.999999	0.00100027	-0.000158559	0.00100027	0.999999	2.65316e-05	0.000158585	2.6373e-05	-1	-0.785181	0.00897076	0.863316	
-1	0.000959193	-0.000155467	0.000959189	1	2.60107e-05	0.000155492	2.58616e-05	-1	-0.785181	0.00897102	0.863558	
-1	0.000918525	-0.000152078	0.000918522	1	2.54401e-05	0.000152101	2.53004e-05	-1	-0.785181	0.0089713	0.863796	
-1	0.000878345	-0.000148433	0.000878342	1	2.48271e-05	0.000148455	2.46967e-05	-1	-0.785181	0.00897161	0.86403	
-1	0.000838717	-0.000144573	0.000838714	1	2.41783e-05	0.000144594	2.40571e-05	-1	-0.785181	0.00897193	0.864261	
-1	0.000799698	-0.000140534	0.000799694	1	2.34997e-05	0.000140553	2.33873e-05	-1	-0.78518	0.00897227	0.864487	
-1	0.000761334	-0.000136347	0.000761331	1	2.27966e-05	0.000136364	2.26927e-05	-1	-0.78518	0.00897262	0.864709	
-1	0.000723669	-0.000132041	0.000723666	1	2.20738e-05	0.000132057	2.19783e-05	-1	-0.78518	0.00897298	0.864927	
-1	0.000686737	-0.000127643	0.000686734	1	2.13359e-05	0.000127658	2.12482e-05	-1	-0.78518	0.00897334	0.86514	
-1	0.000650567	-0.000123176	0.000650564	1	2.05867e-05	0.000123189	2.05065e-05	-1	-0.78518	0.00897372	0.865349	
-1	0.000615183	-0.000118661	0.000615181	1	1.98296e-05	0.000118673	1.97566e-05	-1	-0.785179	0.00897409	0.865552	
-1	0.000580604	-0.000114117	0.000580602	1	1.9068e-05	0.000114128	1.90017e-05	-1	-0.785179	0.00897447	0.865751	
-1	0.000546846	-0.000109561	0.000546844	1	1.83045e-05	0.000109571	1.82446e-05	-1	-0.785179	0.00897485	0.865944	
-1	0.00051392	-0.000105007	0.000513918	1	1.75418e-05	0.000105016	1.74878e-05	-1	-0.785179	0.00897523	0.866133	
-1	0.000481833	-0.00010047	0.000481831	1	1.6782e-05	0.000100478	1.67336e-05	-1	-0.785179	0.00897561	0.866316	
-1	0.00045059	-9.59615e-05	0.000450588	1	1.60271e-05	9.59688e-05	1.59838e-05	-1	-0.785178	0.00897599	0.866495	
-1	0.000420193	-9.14914e-05	0.000420192	1	1.52788e-05	9.14979e-05	1.52404e-05	-1	-0.785178	0.00897636	0.866668	
-1	0.000390642	-8.70693e-05	0.00039064	1	1.45388e-05	8.70749e-05	1.45048e-05	-1	-0.785178	0.00897673	0.866837	
-1	0.000361933	-8.27031e-05	0.000361932	1	1.38083e-05	8.27081e-05	1.37783e-05	-1	-0.785178	0.00897709	0.867001	
-1	0.000334063	-7.83999e-05	0.000334062	1	1.30884e-05	7.84043e-05	1.30622e-05	-1	-0.785177	0.00897745	0.867159	
-1	0.000307024	-7.4166e-05	0.000307023	1	1.23803e-05	7.41697e-05	1.23575e-05	-1	-0.785177	0.0089778	0.867313	
-1	0.000280809	-7.00064e-05	0.000280808	1	1.16848e-05	7.00097e-05	1.16651e-05	-1	-0.785177	0.00897814	0.867462	
-1	0.000255409	-6.59257e-05	0.000255408	1	1.10026e-05	6.59285e-05	1.09857e-05	-1	-0.785177	0.00897848	0.867606	
-1	0.000230813	-6.19277e-05	0.000230812	1	1.03343e-05	6.193e-05	1.032e-05	-1	-0.785177	0.00897881	0.867746	
-1	0.00020701	-5.80154e-05	0.000207009	1	9.68047e-06	5.80174e-05	9.66846e-06	-1	-0.785176	0.00897913	0.867881	
-1	0.000183987	-5.41915e-05	0.000183987	1	9.04152e-06	5.41932e-05	9.03155e-06	-1	-0.785176	0.00897945	0.868011	
-1	0.000161732	-5.0458e-05	0.000161732	1	8.41777e-06	5.04594e-05	8.40961e-06	-1	-0.785176	0.00897976	0.868137	
-1	0.000140231	-4.68165e-05	0.00014023	1	7.80947e-06	4.68176e-05	7.80291e-06	-1	-0.785176	0.00898006	0.868259	
-1	0.000119469	-4.32681e-05	0.000119469	1	7.21682e-06	4.32689e-05	7.21165e-06	-1	-0.785176	0.00898035	0.868376	
-1	9.94327e-05	-3.98136e-05	9.94324e-05	1	6.63994e-06	3.98142e-05	6.63598e-06	-1	-0.785175	0.00898064	0.868489	
-1	8.01063e-05	-3.64534e-05	8.01061e-05	1	6.07889e-06	3.64539e-05	6.07597e-06	-1	-0.785175	0.00898091	0.868598	
-1	6.14747e-05	-3.31878e-05	6.14745e-05	1	5.53368e-06	3.31881e-05	5.53164e-06	-1	-0.785175	0.00898118	0.868704	
-1	4.35226e-05	-3.00165e-05	4.35224e-05	1	5.0043e-06	3.00167e-05	5.00299e-06	-1	-0.785175	0.00898144	0.868805	
-1	2.62342e-05	-2.69392e-05	2.62341e-05	1	4.49067e-06	2.69393e-05	4.48996e-06	-1	-0.785175	0.00898169	0.868902	
-1	9.59391e-06	-2.39553e-05	9.59381e-06	1	3.99268e-06	2.39553e-05	3.99245e-06	-1	-0.785175	0.00898193	0.868996	
-1	0.000316383	0.000134573	0.000316396	1	9.41774e-05	-0.000134543	9.422e-05	-1	-0.785182	0.00897637	0.869009	
-1	0.000723423	0.000325918	0.000723491	1	0.000211241	-0.000325765	0.000211477	-1	-0.785192	0.00896721	0.869002	
-0.999999	0.00115355	0.00050654	0.00115371	0.999999	0.000325957	-0.000506163	0.000326541	-1	-0.785203	0.00895754	0.868995	
-0.999998	0.00160235	0.00067702	0.00160265	0.999999	0.000438144	-0.000676317	0.000439228	-1	-0.785214	0.00894745	0.868988	
-0.999998	0.00206587	0.000837907	0.00206633	0.999998	0.00054765	-0.000836774	0.00054938	-0.999999	-0.785226	0.00893704	0.868982	
-0.999996	0.00254055	0.000989712	0.0025412	0.999997	0.000654349	-0.000988047	0.000656862	-0.999999	-0.785238	0.00892638	0.868976	
-0.999995	0.00302318	0.00113292	0.00302404	0.999995	0.00075814	-0.00113062	0.000761562	-0.999999	-0.78525	0.00891556	0.86897	
-0.999993	0.00351092	0.00126797	0.00351201	0.999993	0.00085894	-0.00126495	0.000863387	-0.999999	-0.785262	0.00890462	0.868965	
-0.999991	0.00400121	0.0013953	0.00400255	0.999992	0.000956689	-0.00139146	0.000962265	-0.999999	-0.785275	0.00889363	0.868959	
-0.999989	0.00446878	0.00151668	0.00447037	0.999989	0.00104828	-0.00151198	0.00105505	-0.999998	-0.785286	0.00888316	0.868954	
-0.999987	0.0048814	0.00163427	0.00488325	0.999987	0.00112963	-0.00162873	0.00113759	-0.999998	-0.785297	0.00887393	0.86895	
-0.999985	0.00524225	0.00174809	0.00524435	0.999986	0.00120136	-0.00174177	0.00121051	-0.999998	-0.785306	0.00886585	0.868945	
-0.999983	0.00555425	0.0018582	0.0055566	0.999984	0.00126406	-0.00185115	0.00127436	-0.999997	-0.785314	0.00885888	0.868941	
-0.999981	0.00582023	0.00196465	0.00582283	0.999982	0.00131827	-0.00195694	0.00132968	-0.999997	-0.78532	0.00885293	0.868937	
-0.99998	0.00604293	0.00206747	0.00604576	0.999981	0.00136452	-0.00205919	0.00137699	-0.999997	-0.785326	0.00884795	0.868934	
-0.999978	0.00622498	0.00216673	0.00622803	0.99998	0.00140331	-0.00215795	0.00141678	-0.999997	-0.78533	0.00884388	0.868931	
-0.999977	0.00636892	0.00226247	0.00637217	0.999979	0.00143514	-0.00225329	0.00144952	-0.999996	-0.785334	0.00884067	0.868928	
-0.999976	0.00647718	0.00235476	0.00648063	0.999978	0.00146045	-0.00234525	0.00147567	-0.999996	-0.785337	0.00883825	0.868925	
-0.999976	0.0065521	0.00244364	0.00655573	0.999977	0.00147969	-0.00243389	0.00149568	-0.999996	-0.785339	0.00883658	0.868923	
-0.999975	0.00659595	0.00252918	0.00659974	0.999977	0.00149328	-0.00251927	0.00150994	-0.999996	-0.78534	0.0088356	0.86892	
-0.999975	0.00661086	0.00261142	0.0066148	0.999977	0.00150162	-0.00260143	0.00151886	-0.999995	-0.78534	0.00883526	0.868918	
-0.999975	0.00659892	0.00269043	0.00660298	0.999977	0.00150509	-0.00268044	0.00152281	-0.999995	-0.78534	0.00883553	0.868916	
-0.999975	0.00656209	0.00276627	0.00656627	0.999977	0.00150404	-0.00275634	0.00152217	-0.999995	-0.785339	0.00883635	0.868915	
-0.999975	0.00650227	0.002839	0.00650654	0.999978	0.00149883	-0.00282919	0.00151726	-0.999995	-0.785337	0.00883769	0.868913	
-0.999975	0.00642127	0.00290867	0.00642562	0.999978	0.00148978	-0.00289904	0.00150843	-0.999995	-0.785335	0.0088395	0.868912	
-0.999976	0.0063208	0.00297534	0.00632522	0.999979	0.0014772	-0.00296594	0.00149598	-0.999994	-0.785333	0.00884174	0.868911	
-0.999976	0.00620251	0.00303907	0.00620698	0.99998	0.00146138	-0.00302995	0.00148021	-0.999994	-0.78533	0.00884439	0.86891	
-0.999977	0.00606798	0.00309993	0.00607247	0.999981	0.00144261	-0.00309111	0.0014614	-0.999994	-0.785327	0.00884739	0.868909	
-0.999977	0.00591867	0.00315796	0.00592318	0.999981	0.00142114	-0.00314949	0.00143981	-0.999994	-0.785323	0.00885073	0.868908	
-0.999978	0.00575602	0.00321324	0.00576053	0.999982	0.00139723	-0.00320514	0.00141571	-0.999994	-0.785319	0.00885436	0.868907	
-0.999979	0.00558136	0.00326581	0.00558586	0.999983	0.00137112	-0.00325811	0.00138933	-0.999994	-0.785314	0.00885827	0.868907	
-0.99998	0.00539597	0.00331574	0.00540045	0.999985	0.00134303	-0.00330845	0.00136091	-0.999994	-0.78531	0.00886241	0.868906	
-0.999981	0.00520106	0.00336309	0.0052055	0.999986	0.00131316	-0.00335621	0.00133064	-0.999993	-0.785305	0.00886677	0.868906	
-0.999982	0.00499776	0.0034079	0.00500216	0.999987	0.00128172	-0.00340145	0.00129875	-0.999993	-0.7853	0.00887132	0.868906	
-0.999983	0.00478716	0.00345025	0.0047915	0.999988	0.0012489	-0.00344423	0.00126541	-0.999993	-0.785294	0.00887603	0.868906	
-0.999983	0.00457028	0.00349018	0.00457454	0.999989	0.00121487	-0.00348459	0.00123082	-0.999993	-0.785289	0.00888088	0.868906	
-0.999984	0.00434806	0.00352775	0.00435225	0.99999	0.0011798	-0.00352259	0.00119513	-0.999993	-0.785283	0.00888586	0.868906	
-0.999985	0.00412143	0.00356302	0.00412553	0.999991	0.00114384	-0.00355828	0.00115852	-0.999993	-0.785278	0.00889093	0.868906	
-0.999986	0.00389122	0.00359605	0.00389522	0.999992	0.00110714	-0.00359171	0.00112113	-0.999993	-0.785272	0.00889609	0.868906	
-0.999987	0.00365823	0.00362688	0.00366213	0.999993	0.00106984	-0.00362294	0.0010831	-0.999993	-0.785266	0.00890131	0.868906	
-0.999987	0.00342321	0.00365558	0.00342701	0.999994	0.00103206	-0.00365202	0.00104457	-0.999993	-0.78526	0.00890657	0.868906	
-0.999988	0.00318687	0.00368219	0.00319055	0.999994	0.000993924	-0.003679	0.00100566	-0.999993	-0.785254	0.00891187	0.868907	
-0.999989	0.00294984	0.00370677	0.0029534	0.999995	0.000955546	-0.00370393	0.000966483	-0.999993	-0.785248	0.00891719	0.868907	
-0.999989	0.00271275	0.00372937	0.00271618	0.999996	0.000917028	-0.00372686	0.000927148	-0.999993	-0.785242	0.0089225	0.868908	
-0.99999	0.00247615	0.00375004	0.00247946	0.999997	0.000878467	-0.00374785	0.000887756	-0.999993	-0.785236	0.00892781	0.868908	
-0.99999	0.00224057	0.00376884	0.00224375	0.999997	0.000839951	-0.00376695	0.000848399	-0.999993	-0.785231	0.0089331	0.868909	
-0.999991	0.0020065	0.00378582	0.00200954	0.999998	0.000801564	-0.0037842	0.000809164	-0.999993	-0.785225	0.00893835	0.868909	
-0.999991	0.00177438	0.00380101	0.00177729	0.999998	0.000763383	-0.00379965	0.000770131	-0.999992	-0.785219	0.00894356	0.86891	
-0.999992	0.00154463	0.00381449	0.00154741	0.999999	0.000725478	-0.00381336	0.000731374	-0.999992	-0.785213	0.00894872	0.868911	
-0.999992	0.00131764	0.00382628	0.00132028	0.999999	0.000687914	-0.00382537	0.00069296	-0.999992	-0.785207	0.00895382	0.868911	
-0.999992	0.00109374	0.00383645	0.00109625	0.999999	0.000650751	-0.00383574	0.000654951	-0.999992	-0.785202	0.00895885	0.868912	
-0.999992	0.000873265	0.00384503	0.000875632	0.999999	0.000614043	-0.0038445	0.000617405	-0.999992	-0.785196	0.0089638	0.868913	
-0.999992	0.000656489	0.00385208	0.00065872	1	0.00057784	-0.0038517	0.000580373	-0.999992	-0.785191	0.00896867	0.868913	
-0.999992	0.000443679	0.00385764	0.000445774	1	0.000542187	-0.0038574	0.000543902	-0.999992	-0.785186	0.00897346	0.868914	
-0.999993	0.000235069	0.00386175	0.000237029	1	0.000507123	-0.00386163	0.000508035	-0.999992	-0.78518	0.00897815	0.868915	
-0.999993	3.08671e-05	0.00386447	3.2694e-05	1	0.000472687	-0.00386445	0.00047281	-0.999992	-0.785175	0.00898274	0.868916	
-0.999993	-0.000168739	0.00386582	-0.000167044	1	0.000438909	-0.00386589	0.00043826	-0.999992	-0.78517	0.00898724	0.868917	
-0.999992	-0.000363587	0.00386586	-0.00036202	1	0.00040582	-0.00386601	0.000404417	-0.999992	-0.785165	0.00899162	0.868917	
-0.999992	-0.000553532	0.00386463	-0.000552093	1	0.000373443	-0.00386484	0.000371307	-0.999992	-0.785161	0.0089959	0.868918	
-0.999992	-0.000738454	0.00386217	-0.000737139	1	0.000341803	-0.00386242	0.000338953	-0.999992	-0.785156	0.00900006	0.868919	
-0.999992	-0.000918247	0.00385852	-0.000917054	1	0.000310916	-0.0038588	0.000307375	-0.999993	-0.785151	0.00900411	0.86892	
-0.999992	-0.00109109	0.00384926	-0.00109002	0.999999	0.00028113	-0.00384956	0.000276932	-0.999993	-0.785148	0.009008	0.868921	
-0.999992	-0.00125373	0.00381582	-0.00125277	0.999999	0.000254113	-0.00381613	0.00024933	-0.999993	-0.785153	0.00901165	0.868921	
-0.999992	-0.00141184	0.00378241	-0.00141098	0.999999	0.000229592	-0.00378273	0.000224253	-0.999993	-0.785156	0.00901521	0.868921	
-0.999992	-0.00156494	0.00374912	-0.00156418	0.999999	0.000207429	-0.00374944	0.000201563	-0.999993	-0.78516	0.00901865	0.868921	
-0.999992	-0.00171267	0.00371598	-0.00171198	0.999999	0.000187493	-0.00371629	0.00018113	-0.999993	-0.785164	0.00902196	0.868921	
-0.999991	-0.00185469	0.00368304	-0.00185408	0.999998	0.000169658	-0.00368335	0.000162828	-0.999993	-0.785168	0.00902515	0.868922	
-0.999991	-0.00199079	0.00365034	-0.00199024	0.999998	0.000153802	-0.00365064	0.000146536	-0.999993	-0.785171	0.00902821	0.868922	
-0.999991	-0.00212077	0.00361791	-0.00212028	0.999998	0.000139811	-0.0036182	0.000132138	-0.999993	-0.785174	0.00903113	0.868922	
-0.999991	-0.00224451	0.00358578	-0.00224407	0.999997	0.000127571	-0.00358606	0.000119523	-0.999994	-0.785177	0.0090339	0.868923	
-0.999991	-0.00236192	0.00355397	-0.00236152	0.999997	0.000116976	-0.00355424	0.000108582	-0.999994	-0.78518	0.00903654	0.868923	
-0.999991	-0.00247297	0.00352249	-0.0024726	0.999997	0.000107922	-0.00352275	9.92116e-05	-0.999994	-0.785183	0.00903903	0.868924	
-0.999991	-0.00255947	0.00348668	-0.00255912	0.999997	0.00010356	-0.00348693	9.46366e-05	-0.999994	-0.785178	0.00904582	0.868924	
-0.999991	-0.0025399	0.00340733	-0.0025395	0.999997	0.000121687	-0.00340762	0.000113033	-0.999994	-0.785123	0.00908379	0.868926	
-0.999992	-0.00242133	0.00327982	-0.00242081	0.999997	0.000162012	-0.00328021	0.00015407	-0.999995	-0.785017	0.00915361	0.868927	
-0.999993	-0.00221567	0.00310935	-0.00221499	0.999998	0.000221617	-0.00310983	0.000214728	-0.999995	-0.784868	0.00925158	0.86893	
-0.999994	-0.00193377	0.00290065	-0.00193291	0.999998	0.000297885	-0.00290122	0.000292277	-0.999996	-0.78468	0.00937435	0.868932	
-0.999995	-0.00158546	0.00265811	-0.00158443	0.999999	0.000388461	-0.00265872	0.000384248	-0.999996	-0.784458	0.00951884	0.868935	
-0.999996	-0.00117964	0.00238577	-0.00117847	0.999999	0.000491221	-0.00238635	0.000488408	-0.999997	-0.784207	0.00968226	0.868939	
-0.999998	-0.000724318	0.00208737	-0.000723059	1	0.000604247	-0.0020878	0.000602736	-0.999998	-0.783932	0.0098621	0.868942	
-0.999998	-0.000226697	0.00176635	-0.000225415	1	0.000725805	-0.00176651	0.000725406	-0.999998	-0.783634	0.0100561	0.868946	
-0.999999	0.00030677	0.00142591	0.000307988	1	0.000854326	-0.00142565	0.000854765	-0.999999	-0.783319	0.0102621	0.868951	
-0.999999	0.00087031	0.00106902	0.000871366	0.999999	0.000988394	-0.00106816	0.000989325	-0.999999	-0.782989	0.0104782	0.868955	
-0.999999	0.00145877	0.000698404	0.00145956	0.999998	0.00112673	-0.000696759	0.00112774	-0.999999	-0.782647	0.0107029	0.86896	
-0.999998	0.00206759	0.000316601	0.00206799	0.999997	0.00126817	-0.000313978	0.00126882	-0.999999	-0.782294	0.0109345	0.868964	
-0.999996	0.00269268	-7.40605e-05	0.00269257	0.999995	0.00141167	7.78614e-05	0.00141147	-0.999999	-0.781934	0.0111717	0.868969	
-0.999994	0.00328402	-0.000503952	0.00328322	0.999993	0.00157795	0.000509131	0.00157629	-0.999999	-0.781581	0.011408	0.868969	
-0.999992	0.00391169	-0.000918378	0.00391008	0.999991	0.00174754	0.000925205	0.00174394	-0.999998	-0.781219	0.0116469	0.868968	
-0.999989	0.00456915	-0.00131845	0.00456661	0.999988	0.001919	0.0013272	0.00191296	-0.999997	-0.78085	0.0118875	0.868968	
-0.999985	0.00525127	-0.00170441	0.0052477	0.999984	0.00209116	0.00171536	0.00208218	-0.999996	-0.780475	0.0121291	0.868968	
-0.99998	0.00595338	-0.00207653	0.00594868	0.99998	0.00226296	0.00208996	0.00225056	-0.999995	-0.780096	0.0123708	0.868967	
-0.999975	0.00667127	-0.00243514	0.00666534	0.999975	0.00243349	0.00245131	0.0024172	-0.999994	-0.779714	0.0126122	0.868968	
-0.999969	0.00740108	-0.00278058	0.00739385	0.999969	0.00260193	0.00279975	0.00258129	-0.999993	-0.779332	0.0128527	0.868968	
-0.999962	0.00813935	-0.00311322	0.00813074	0.999963	0.00276756	0.00313563	0.00274214	-0.999991	-0.778949	0.0130917	0.868969	
-0.999955	0.00888295	-0.00343343	0.00887291	0.999956	0.00292977	0.00345931	0.00289917	-0.99999	-0.778567	0.0133288	0.868969	
-0.999947	0.00962907	-0.00374162	0.00961753	0.999949	0.00308802	0.00377117	0.00305187	-0.999988	-0.778188	0.0135638	0.86897	
-0.999938	0.0103752	-0.00403818	0.0103621	0.999941	0.00324184	0.00407158	0.00319979	-0.999987	-0.777811	0.0137961	0.868972	
-0.999929	0.011119	-0.0043235	0.0111044	0.999933	0.00339085	0.00436091	0.0033426	-0.999985	-0.777438	0.0140256	0.868973	
-0.999919	0.0118812	-0.00459242	0.011865	0.999923	0.00354419	0.00463418	0.00348942	-0.999983	-0.777069	0.0142497	0.868973	
-0.999907	0.0127276	-0.00481301	0.0127098	0.999912	0.00371012	0.00485981	0.00364861	-0.999982	-0.776697	0.0144661	0.868972	
-0.999895	0.0136415	-0.00498588	0.0136223	0.9999	0.00387578	0.00503825	0.00380745	-0.99998	-0.776319	0.0146776	0.868973	
-0.99988	0.0146125	-0.00511607	0.0145919	0.999885	0.00403964	0.00517451	0.00396451	-0.999979	-0.775938	0.0148842	0.868974	
-0.999865	0.0155812	-0.00523583	0.0155593	0.99987	0.00420229	0.00530062	0.00412025	-0.999977	-0.775564	0.0150858	0.868975	
-0.99985	0.0164967	-0.00536563	0.0164734	0.999855	0.00435652	0.00543672	0.00426748	-0.999976	-0.775201	0.015284	0.868975	
-0.999834	0.0173698	-0.00549903	0.0173451	0.999839	0.00450036	0.00557632	0.00440424	-0.999975	-0.774848	0.0154793	0.868975	
-0.999818	0.0182073	-0.00563192	0.0181813	0.999824	0.00463329	0.00571529	0.00453006	-0.999973	-0.774504	0.0156715	0.868976	
-0.999803	0.0190082	-0.00576568	0.0189809	0.999809	0.00475615	0.00585498	0.00464578	-0.999972	-0.774169	0.0158606	0.868977	
-0.999787	0.0197741	-0.00589993	0.0197455	0.999793	0.00486931	0.005995	0.00475178	-0.999971	-0.773844	0.0160463	0.868979	
-0.999771	0.0205202	-0.00603033	0.0204903	0.999778	0.0049779	0.00613114	0.00485319	-0.999969	-0.773527	0.0162276	0.86898	
-0.999754	0.0213135	-0.00612513	0.0212825	0.999761	0.00508889	0.00623213	0.00495728	-0.999968	-0.77321	0.0164024	0.868981	
-0.999737	0.0220823	-0.00621703	0.0220501	0.999743	0.00519357	0.00633012	0.00505512	-0.999967	-0.772902	0.0165732	0.868983	
-0.99972	0.0228218	-0.00630813	0.0227886	0.999726	0.00529105	0.00642715	0.00514581	-0.999966	-0.772604	0.01674	0.868984	
-0.999702	0.0235477	-0.00638937	0.0235134	0.999709	0.00538317	0.00651428	0.00523133	-0.999965	-0.77231	0.0169036	0.868985	
-0.999685	0.0242318	-0.00646451	0.0241966	0.999692	0.00547071	0.00659509	0.00531257	-0.999964	-0.772015	0.0170703	0.868986	
-0.999669	0.024875	-0.00653186	0.0248389	0.999676	0.00555224	0.00666786	0.00538816	-0.999963	-0.771718	0.0172407	0.868987	
-0.999654	0.025477	-0.00659439	0.0254401	0.999661	0.00562907	0.00673556	0.00545936	-0.999962	-0.771419	0.0174135	0.868989	
-0.999639	0.0260439	-0.00664964	0.0260061	0.999646	0.00570011	0.00679574	0.00552512	-0.999962	-0.77112	0.0175883	0.86899	
-0.999624	0.0265754	-0.00670069	0.026537	0.999631	0.00576677	0.00685147	0.00558679	-0.999961	-0.770823	0.0177641	0.868992	
-0.999611	0.0270738	-0.0067468	0.0270347	0.999618	0.00582825	0.00690201	0.00564359	-0.99996	-0.770527	0.0179405	0.868993	
-0.999598	0.0275457	-0.00678596	0.027506	0.999604	0.00588463	0.00694537	0.00569561	-0.99996	-0.770233	0.018117	0.868995	
-0.999585	0.0279703	-0.00682904	0.02793	0.999592	0.00593348	0.00699221	0.00574028	-0.999959	-0.769944	0.0182936	0.868996	
-0.999575	0.0283434	-0.00687766	0.0283025	0.999582	0.00597195	0.00704405	0.00577476	-0.999959	-0.76966	0.0184708	0.868998	
-0.999565	0.0286643	-0.00693474	0.0286229	0.999572	0.00600148	0.0071038	0.00580038	-0.999958	-0.769383	0.0186477	0.869001	
-0.999557	0.0289399	-0.00699772	0.028898	0.999564	0.00602226	0.00716896	0.00581737	-0.999957	-0.769112	0.0188242	0.869004	
-0.99956	0.0287761	-0.00720018	0.0287322	0.999568	0.00612645	0.00737337	0.00591688	-0.999955	-0.768906	0.0189762	0.868987	
-0.99957	0.0283418	-0.00745586	0.0282951	0.99958	0.00630054	0.00763129	0.00608687	-0.999952	-0.768738	0.0191073	0.868955	
-0.999581	0.027911	-0.0076707	0.0278615	0.999591	0.0064876	0.00784863	0.00627116	-0.99995	-0.768566	0.0192319	0.868921	
-0.999591	0.0275076	-0.00783924	0.0274554	0.999601	0.00668575	0.00802002	0.00646779	-0.999947	-0.768391	0.0193503	0.868885	
-0.9996	0.0271517	-0.00795776	0.0270971	0.999609	0.00689216	0.00814178	0.00667377	-0.999945	-0.76821	0.0194631	0.868849	
-0.999607	0.0268584	-0.00802441	0.0268016	0.999616	0.00710322	0.0082121	0.00688536	-0.999943	-0.768023	0.019571	0.868811	
-0.999613	0.0266376	-0.00803921	0.0265789	0.99962	0.00731493	0.00823101	0.00709843	-0.999941	-0.767827	0.0196752	0.868774	
-0.999617	0.0264942	-0.00800386	0.0264341	0.999622	0.0075232	0.00820016	0.00730874	-0.99994	-0.767624	0.0197764	0.868739	
-0.999619	0.0264289	-0.00792139	0.0263677	0.999622	0.00772411	0.00812254	0.0075123	-0.999939	-0.767412	0.0198757	0.868704	
-0.99962	0.0264387	-0.00779579	0.026377	0.999621	0.00791421	0.00800208	0.00770557	-0.999938	-0.767193	0.0199738	0.868672	
-0.999619	0.0265188	-0.00763164	0.026457	0.999617	0.00809061	0.00784328	0.00788562	-0.999938	-0.766968	0.0200714	0.868643	
-0.999617	0.026661	-0.00743418	0.0265995	0.999612	0.00824907	0.00765122	0.00804816	-0.999938	-0.766736	0.0201695	0.868617	
-0.999613	0.0268534	-0.00720978	0.0267927	0.999606	0.00838259	0.00743204	0.00818618	-0.999939	-0.766499	0.0202698	0.868595	
-0.999609	0.0270897	-0.00696349	0.0270303	0.999599	0.00849118	0.00719072	0.00829963	-0.99994	-0.766256	0.0203722	0.868578	
-0.999603	0.0273645	-0.00669979	0.0273067	0.99959	0.00857522	0.0069317	0.00838887	-0.999941	-0.766011	0.0204766	0.868566	
-0.999596	0.0276728	-0.00642275	0.0276169	0.999581	0.00863508	0.00665902	0.00845422	-0.999942	-0.765763	0.0205827	0.868557	
-0.999589	0.0280102	-0.00613607	0.0279564	0.999572	0.0086711	0.00637632	0.00849599	-0.999944	-0.765514	0.0206905	0.868554	
-0.99958	0.0283725	-0.00584311	0.0283212	0.999561	0.00868359	0.00608692	0.00851446	-0.999945	-0.765264	0.0207999	0.868554	
-0.999571	0.0287562	-0.00554688	0.0287075	0.99955	0.00867286	0.00579378	0.00850991	-0.999947	-0.765015	0.0209108	0.868559	
-0.999561	0.0291579	-0.00525012	0.0291119	0.999539	0.0086392	0.0054996	0.00848257	-0.999949	-0.764766	0.0210232	0.868569	
-0.99955	0.0295748	-0.00495532	0.0295315	0.999527	0.00858287	0.00520681	0.00843267	-0.999951	-0.76452	0.0211369	0.868583	
-0.999539	0.030004	-0.00466469	0.0299636	0.999515	0.00850413	0.00491759	0.00836044	-0.999953	-0.764275	0.021252	0.868601	
-0.999527	0.0304433	-0.00438026	0.0304057	0.999502	0.00840321	0.0046339	0.00826605	-0.999955	-0.764033	0.0213683	0.868624	
-0.999514	0.0308905	-0.00410382	0.0308557	0.99949	0.00828035	0.00435751	0.0081497	-0.999957	-0.763793	0.0214861	0.868651	
-0.999501	0.0313436	-0.003837	0.0313116	0.999477	0.00813576	0.00408999	0.00801156	-0.99996	-0.763557	0.0216051	0.868683	
-0.999488	0.031801	-0.00358125	0.0317717	0.999463	0.00796965	0.00383277	0.00785178	-0.999962	-0.763324	0.0217254	0.868719	
-0.999476	0.0322043	-0.00338426	0.0321767	0.999451	0.00791189	0.00363719	0.00779885	-0.999963	-0.76314	0.021817	0.868729	
-0.999464	0.0325954	-0.00319506	0.0325694	0.999438	0.00787476	0.00344994	0.00776648	-0.999964	-0.762969	0.0219007	0.868734	
-0.999453	0.0329221	-0.00300803	0.0328977	0.999428	0.00783472	0.00326425	0.00773148	-0.999965	-0.762805	0.0219778	0.868739	
-0.999457	0.0328191	-0.00282413	0.0327963	0.999432	0.00779177	0.00307824	0.00769492	-0.999966	-0.762659	0.0220242	0.868745	
-0.999475	0.0322782	-0.00264383	0.0322569	0.99945	0.00774626	0.00289241	0.00765691	-0.999967	-0.76253	0.0220396	0.86875	
-0.999505	0.0313495	-0.00246749	0.0313296	0.999479	0.00769857	0.00270756	0.00761746	-0.999967	-0.762419	0.0220274	0.868755	
-0.999546	0.0300355	-0.00231614	0.030017	0.99952	0.00763878	0.00254446	0.00756579	-0.999968	-0.762327	0.0219939	0.86876	
-0.999596	0.0283414	-0.0022073	0.028324	0.99957	0.00755841	0.00242057	0.00749283	-0.999969	-0.762258	0.0219448	0.868764	
-0.999651	0.0263291	-0.00212243	0.0263126	0.999626	0.00746183	0.0023181	0.00740338	-0.99997	-0.762207	0.0218812	0.868769	
-0.999707	0.0241032	-0.00199629	0.024088	0.999683	0.00735929	0.00217304	0.00730905	-0.999971	-0.762152	0.0218022	0.868774	
-0.999763	0.0217008	-0.00182586	0.021687	0.999739	0.00725249	0.00198277	0.00721117	-0.999972	-0.762094	0.0217093	0.868781	
-0.999815	0.0191476	-0.00161624	0.0191356	0.999791	0.007142	0.00175266	0.00710976	-0.999973	-0.762031	0.0216047	0.868788	
-0.999863	0.0164673	-0.00137208	0.0164573	0.99984	0.00702839	0.0014876	0.00700485	-0.999974	-0.761965	0.0214898	0.868796	
-0.999906	0.0136813	-0.00109757	0.0136734	0.999883	0.0069122	0.00119201	0.00689654	-0.999976	-0.761897	0.0213665	0.868805	
-0.999941	0.0108092	-0.000796567	0.0108035	0.999919	0.00679396	0.00086994	0.00678496	-0.999977	-0.761826	0.021236	0.868815	
-0.999969	0.00786482	-0.000469692	0.00786151	0.999947	0.00667526	0.000522167	0.00667136	-0.999978	-0.761753	0.0210996	0.868825	
-0.999988	0.00487262	-0.000121558	0.00487172	0.999967	0.00655636	0.0001535	0.00655569	-0.999978	-0.761678	0.0209584	0.868834	
-0.999998	0.00203643	0.000241453	0.00203794	0.999977	0.00643012	-0.000228353	0.0064306	-0.999979	-0.761609	0.020818	0.868835	
-1	-0.000648381	0.000609151	-0.00064453	0.99998	0.0063012	-0.000613224	0.0063008	-0.99998	-0.761545	0.0206771	0.86883	
-0.999994	-0.00327106	0.000983621	-0.00326493	0.999976	0.00617329	-0.00100379	0.00617004	-0.99998	-0.761483	0.0205338	0.868824	
-0.999982	-0.00583267	0.00136254	-0.00582433	0.999965	0.0060468	-0.00139776	0.00603875	-0.999981	-0.761422	0.0203887	0.868819	
-0.999964	-0.00833419	0.00174385	-0.00832373	0.999948	0.00592206	-0.00179312	0.00590733	-0.999981	-0.761363	0.0202423	0.868814	
-0.99994	-0.0107766	0.00212576	-0.0107641	0.999925	0.00579933	-0.0021881	0.0057761	-0.999981	-0.761306	0.0200953	0.868808	
-0.99991	-0.0131607	0.00250667	-0.0131463	0.999897	0.00567883	-0.00258115	0.00564537	-0.999981	-0.761252	0.019948	0.868803	
-0.999876	-0.0154919	0.00288382	-0.0154757	0.999865	0.00556068	-0.00296958	0.00551536	-0.99998	-0.7612	0.0198009	0.868797	
-0.999835	-0.017851	0.00322984	-0.0178332	0.999826	0.00544173	-0.00332642	0.00538324	-0.99998	-0.761156	0.019654	0.868795	
-0.999789	-0.0202529	0.00353743	-0.0202339	0.999781	0.00531907	-0.00364438	0.00524637	-0.99998	-0.761121	0.0195082	0.868798	
-0.999735	-0.0226855	0.00380854	-0.0226656	0.99973	0.005191	-0.00392527	0.0051033	-0.999979	-0.761093	0.0193643	0.868805	
-0.999676	-0.0251378	0.00404499	-0.0251172	0.999672	0.00505596	-0.00417076	0.00495272	-0.999979	-0.761073	0.019223	0.868816	
-0.99961	-0.0275998	0.00424848	-0.0275788	0.999608	0.00491253	-0.0043824	0.00479344	-0.999979	-0.761059	0.0190849	0.868833	
-0.999538	-0.0300627	0.0044206	-0.0300417	0.999537	0.00475939	-0.00456164	0.00462439	-0.999979	-0.76105	0.0189506	0.868854	
-0.999461	-0.0325188	0.00456284	-0.0324978	0.999461	0.00459533	-0.00470982	0.00444457	-0.999979	-0.761047	0.0188206	0.868879	
-0.999378	-0.0349609	0.00467659	-0.0349403	0.99938	0.00441927	-0.00482819	0.00425312	-0.999979	-0.761047	0.0186953	0.868909	
-0.99929	-0.0373829	0.00476315	-0.0373628	0.999293	0.00423018	-0.00491792	0.00404921	-0.99998	-0.761052	0.0185752	0.868944	
-0.999197	-0.0397792	0.00482374	-0.03976	0.999201	0.00402716	-0.00498008	0.00383213	-0.99998	-0.761061	0.0184606	0.868984	
-0.999101	-0.0420997	0.00502827	-0.0420804	0.999107	0.00388426	-0.00518731	0.00366918	-0.99998	-0.761052	0.0183447	0.868993	
-0.999006	-0.0442784	0.00509751	-0.0442596	0.999013	0.00375563	-0.00525877	0.00352629	-0.99998	-0.761093	0.0182312	0.868988	
-0.998909	-0.0464148	0.00511822	-0.0463965	0.998917	0.00362929	-0.00528113	0.00338786	-0.99998	-0.761147	0.0181192	0.868984	
-0.998809	-0.0485267	0.00513947	-0.048509	0.998817	0.00351673	-0.00530404	0.00326323	-0.999981	-0.761201	0.0180067	0.86898	
-0.998705	-0.0506123	0.00516449	-0.050595	0.998713	0.00341757	-0.00533081	0.00315185	-0.999981	-0.761254	0.0178938	0.868976	
-0.998599	-0.0526683	0.00519311	-0.0526514	0.998607	0.00333064	-0.0053613	0.00305255	-0.999981	-0.761306	0.0177811	0.868973	
-0.99849	-0.054692	0.0052252	-0.0546755	0.998499	0.00325488	-0.00539537	0.00296427	-0.999981	-0.761357	0.0176687	0.86897	
-0.998383	-0.0566008	0.0052644	-0.0565845	0.998393	0.00319003	-0.00543649	0.00288699	-0.999981	-0.761408	0.0175606	0.868967	
-0.998307	-0.057912	0.00533252	-0.0578958	0.998318	0.00313952	-0.00550536	0.00282548	-0.999981	-0.761461	0.0174785	0.868964	
-0.998266	-0.058614	0.00542875	-0.0585978	0.998277	0.00310238	-0.00560124	0.00277889	-0.99998	-0.761517	0.0174231	0.868961	
-0.998256	-0.0587725	0.0055489	-0.0587561	0.998268	0.00307701	-0.00572013	0.00274561	-0.99998	-0.761576	0.0173917	0.868957	
-0.998274	-0.0584529	0.00568958	-0.0584362	0.998286	0.00306361	-0.00585891	0.00272585	-0.999979	-0.761637	0.0173811	0.868954	
-0.998314	-0.0577428	0.0058497	-0.0577256	0.998328	0.00307122	-0.00601726	0.00272836	-0.999978	-0.7617	0.0173856	0.86895	
-0.998374	-0.0566924	0.0060266	-0.0566745	0.998388	0.0030987	-0.00619255	0.00275211	-0.999977	-0.761766	0.017403	0.868947	
-0.998448	-0.0553419	0.00621753	-0.0553232	0.998464	0.00314339	-0.00638194	0.00279454	-0.999976	-0.761832	0.017432	0.868944	
-0.998535	-0.0537281	0.00642005	-0.0537084	0.998552	0.00320282	-0.00658283	0.00285332	-0.999974	-0.761901	0.017471	0.868941	
-0.998631	-0.0518842	0.00663194	-0.0518633	0.998649	0.00327476	-0.00679289	0.00292633	-0.999973	-0.76197	0.017519	0.868938	
-0.998734	-0.0498405	0.00685125	-0.0498184	0.998753	0.0033572	-0.00701003	0.00301163	-0.999971	-0.762041	0.0175748	0.868936	
-0.99884	-0.0476246	0.00707621	-0.0476012	0.99886	0.00344832	-0.00723237	0.00310749	-0.999969	-0.762112	0.0176374	0.868933	
-0.998948	-0.0452615	0.00730523	-0.0452365	0.99897	0.00354648	-0.00745823	0.00321228	-0.999967	-0.762183	0.0177058	0.868931	
-0.999056	-0.0427737	0.00753691	-0.0427471	0.999079	0.00365019	-0.0076861	0.00332457	-0.999965	-0.762256	0.0177793	0.868929	
-0.999162	-0.0401817	0.00776998	-0.0401534	0.999186	0.00375815	-0.00791467	0.00344301	-0.999963	-0.762328	0.017857	0.868927	
-0.999264	-0.0375041	0.00800333	-0.0374741	0.99929	0.00386918	-0.00814275	0.00356642	-0.99996	-0.762401	0.0179383	0.868924	
-0.999362	-0.0347576	0.00823595	-0.0347257	0.999389	0.00398223	-0.00836933	0.00369369	-0.999958	-0.762474	0.0180225	0.868923	
-0.999453	-0.0319572	0.00846696	-0.0319235	0.999482	0.00409638	-0.00859348	0.00382385	-0.999956	-0.762546	0.018109	0.868921	
-0.999538	-0.0291103	0.0086897	-0.0290746	0.999568	0.00420644	-0.0088084	0.00395185	-0.999953	-0.76262	0.0181985	0.86892	
-0.999618	-0.0261906	0.00886755	-0.0261534	0.999649	0.00428408	-0.00897664	0.00405052	-0.999952	-0.7627	0.0182967	0.868923	
-0.99969	-0.0232079	0.00899801	-0.0231697	0.999722	0.00432605	-0.00909591	0.00411623	-0.99995	-0.762788	0.018404	0.868931	
-0.999755	-0.0201771	0.00908448	-0.0201384	0.999788	0.00433387	-0.00916999	0.00414986	-0.999949	-0.762881	0.0185196	0.868943	
-0.999812	-0.0171118	0.00913006	-0.017073	0.999845	0.00430889	-0.00920238	0.0041522	-0.999949	-0.762979	0.0186426	0.86896	
-0.99986	-0.0140238	0.00913761	-0.0139854	0.999893	0.00425239	-0.00919627	0.004124	-0.999949	-0.76308	0.0187724	0.868983	
-0.999899	-0.0109239	0.00910969	-0.0108863	0.999932	0.00416556	-0.00915458	0.00406597	-0.99995	-0.763185	0.0189085	0.869009	
-0.999928	-0.00782189	0.00904865	-0.0077855	0.999961	0.00404948	-0.00907998	0.00397874	-0.999951	-0.763291	0.0190502	0.869041	
-0.999949	-0.0047262	0.00895663	-0.00469137	0.999981	0.00390516	-0.00897492	0.00386294	-0.999952	-0.763399	0.019197	0.869077	
-0.999958	-0.00150761	0.0090343	-0.00147219	0.999991	0.00392554	-0.00904013	0.00391208	-0.999951	-0.763488	0.0193014	0.869085	
-0.999957	0.00172472	0.00915089	0.00176118	0.999991	0.00397798	-0.00914394	0.00399393	-0.99995	-0.763571	0.0193961	0.869086	
-0.999947	0.00411127	0.00945269	0.00415221	0.999982	0.00431541	-0.00943478	0.00435443	-0.999946	-0.763631	0.019409	0.86907	
-0.999934	0.0059147	0.00987222	0.00596267	0.999971	0.00483599	-0.00984332	0.00489453	-0.99994	-0.763676	0.0193685	0.869042	
-0.999918	0.00767563	0.0102836	0.00773087	0.999956	0.0053433	-0.0102421	0.00542236	-0.999933	-0.763721	0.0193291	0.869015	
-0.999899	0.00939433	0.0106864	0.00945708	0.999938	0.00583713	-0.0106309	0.0059376	-0.999926	-0.763764	0.0192907	0.86899	
-0.999877	0.0110712	0.0110804	0.0111416	0.999918	0.00631732	-0.0110095	0.00644	-0.999919	-0.763807	0.0192532	0.868965	
-0.999854	0.0127065	0.0114653	0.0127848	0.999895	0.0067838	-0.0113779	0.00692939	-0.999911	-0.763848	0.0192168	0.868941	
-0.999828	0.0143009	0.0118411	0.0143872	0.99987	0.00723653	-0.011736	0.00740564	-0.999904	-0.763889	0.0191814	0.868918	
-0.9998	0.0158547	0.0122075	0.0159491	0.999843	0.0076755	-0.0120839	0.00786866	-0.999896	-0.763928	0.0191469	0.868896	
-0.99977	0.0173686	0.0125645	0.0174711	0.999815	0.00810078	-0.0124215	0.00831843	-0.999888	-0.763967	0.0191134	0.868875	
-0.999739	0.018843	0.012912	0.0189538	0.999784	0.00851244	-0.0127488	0.00875495	-0.99988	-0.764004	0.0190809	0.868854	
-0.999707	0.0202787	0.0132501	0.0203977	0.999752	0.00891061	-0.0130661	0.00917827	-0.999873	-0.764041	0.0190492	0.868835	
-0.999673	0.0216733	0.0135698	0.0218003	0.999719	0.00928716	-0.0133647	0.00957995	-0.999865	-0.764078	0.0190182	0.868816	
-0.99964	0.0230106	0.013817	0.0231442	0.999686	0.00959142	-0.013592	0.00990775	-0.999859	-0.764123	0.0189867	0.868802	
-0.999607	0.0242906	0.0139895	0.0244292	0.999653	0.00982067	-0.0137461	0.0101586	-0.999854	-0.764177	0.0189551	0.868793	
-0.999575	0.0255164	0.0140936	0.0256583	0.999621	0.00998051	-0.0138335	0.0103379	-0.999851	-0.764238	0.0189239	0.868789	
-0.999544	0.0266904	0.0141352	0.0268342	0.999589	0.010076	-0.0138604	0.0104508	-0.999849	-0.764304	0.0188937	0.868789	
-0.999513	0.0278154	0.0141196	0.0279594	0.999558	0.0101119	-0.0138321	0.0105018	-0.999849	-0.764376	0.0188649	0.868795	
-0.999484	0.0288935	0.014052	0.0290366	0.999527	0.0100923	-0.0137537	0.0104952	-0.99985	-0.764452	0.0188379	0.868805	
-0.999455	0.029927	0.0139366	0.030068	0.999498	0.0100212	-0.0136297	0.0104348	-0.999853	-0.764531	0.0188131	0.86882	
-0.999427	0.0309181	0.0137776	0.0310559	0.999469	0.00990204	-0.0134641	0.0103242	-0.999856	-0.764612	0.0187908	0.86884	
-0.9994	0.0318687	0.0135787	0.0320023	0.99944	0.009738	-0.0132607	0.0101667	-0.99986	-0.764696	0.0187713	0.868865	
-0.999373	0.0327808	0.0133433	0.0329094	0.999413	0.00953202	-0.013023	0.00996517	-0.999866	-0.76478	0.018755	0.868894	
-0.999348	0.0336561	0.0130744	0.0337789	0.999386	0.00928675	-0.0127539	0.00972234	-0.999871	-0.764865	0.018742	0.868929	
-0.999323	0.0344963	0.012775	0.0346127	0.99936	0.00900459	-0.0124562	0.00944067	-0.999878	-0.764951	0.0187325	0.868968	
-0.9993	0.0352701	0.0124837	0.0353802	0.999336	0.0087117	-0.0121681	0.00914728	-0.999884	-0.765029	0.01872	0.86901	
-0.999279	0.0359371	0.0122663	0.0360418	0.999315	0.00842557	-0.0119551	0.00886159	-0.999889	-0.765088	0.0187026	0.869047	
-0.999261	0.0364136	0.0122813	0.0365157	0.999299	0.008194	-0.0119743	0.00863641	-0.999891	-0.765105	0.0186755	0.869052	
-0.999243	0.0368976	0.0122998	0.0369969	0.999284	0.00795082	-0.0119976	0.00839986	-0.999893	-0.765117	0.0186482	0.869059	
-0.999226	0.0373687	0.0123132	0.0374652	0.999268	0.00769823	-0.0120165	0.00815358	-0.999895	-0.765129	0.0186213	0.869065	
-0.999208	0.0378247	0.0123201	0.0379181	0.999253	0.00743773	-0.0120295	0.00789899	-0.999896	-0.76514	0.0185947	0.869072	
-0.999192	0.0382656	0.0123211	0.0383558	0.999238	0.00717089	-0.0120373	0.00763768	-0.999898	-0.76515	0.0185686	0.869079	
-0.999175	0.0386915	0.0123169	0.0387784	0.999224	0.00689913	-0.0120404	0.00737107	-0.9999	-0.765161	0.018543	0.869085	
-0.999159	0.0391025	0.0123083	0.0391861	0.99921	0.00662374	-0.0120395	0.00710048	-0.999902	-0.76517	0.0185177	0.869092	
-0.999144	0.0394988	0.0122957	0.039579	0.999196	0.00634587	-0.0120351	0.00682709	-0.999904	-0.76518	0.0184929	0.869099	
-0.999129	0.0398806	0.0122797	0.0399574	0.999183	0.00606655	-0.0120277	0.00655193	-0.999906	-0.765189	0.0184686	0.869105	
-0.999114	0.0402483	0.0122608	0.0403215	0.99917	0.00578673	-0.0120177	0.00627598	-0.999908	-0.765198	0.0184446	0.869112	
-0.9991	0.040602	0.0122394	0.0406718	0.999157	0.00550725	-0.0120055	0.00600009	-0.99991	-0.765206	0.0184211	0.869119	
-0.999087	0.0409421	0.0122159	0.0410084	0.999145	0.00522885	-0.0119914	0.00572503	-0.999912	-0.765215	0.018398	0.869125	
-0.999074	0.0412688	0.0121907	0.0413317	0.999133	0.00495219	-0.0119757	0.00545147	-0.999913	-0.765222	0.0183753	0.869131	
-0.999061	0.0415826	0.0121641	0.0416421	0.999122	0.00467788	-0.0119589	0.00518003	-0.999915	-0.76523	0.018353	0.869138	
-0.999049	0.0418837	0.0121363	0.0419398	0.99911	0.00440645	-0.011941	0.00491125	-0.999917	-0.765237	0.0183311	0.869144	
-0.999037	0.0421725	0.0121077	0.0422253	0.9991	0.00413835	-0.0119223	0.00464561	-0.999918	-0.765244	0.0183096	0.86915	
-0.999026	0.0424494	0.0120785	0.0424989	0.999089	0.00387399	-0.011903	0.00438354	-0.99992	-0.765251	0.0182884	0.869156	
-0.999015	0.0427146	0.0120489	0.0427609	0.999079	0.00361373	-0.0118834	0.00412539	-0.999921	-0.765257	0.0182676	0.869162	
-0.999004	0.0429686	0.012019	0.0430118	0.999069	0.00335788	-0.0118636	0.0038715	-0.999922	-0.765263	0.0182471	0.869168	
-0.998994	0.0432117	0.0119891	0.0432518	0.999059	0.00310671	-0.0118436	0.00362213	-0.999923	-0.765269	0.018227	0.869173	
-0.998984	0.0434443	0.0119594	0.0434814	0.99905	0.00286043	-0.0118237	0.00337754	-0.999924	-0.765274	0.0182072	0.869179	
-0.998975	0.0436666	0.0119298	0.0437008	0.999041	0.00261925	-0.011804	0.00313791	-0.999925	-0.76528	0.0181877	0.869184	
-0.998966	0.0438792	0.0119007	0.0439105	0.999033	0.00238332	-0.0117846	0.00290342	-0.999926	-0.765285	0.0181685	0.86919	
