0.0141379	0.9999	-4.59887e-08	-0.9999	0.0141379	-5.75129e-07	-5.74421e-07	5.41152e-08	1	-0.751889	0.0261229	0.81901	
0.0141061	0.999901	-2.59067e-07	-0.999901	0.0141061	-3.23915e-06	-3.23517e-06	3.04733e-07	1	-0.751889	0.0261228	0.819078	
0.0140251	0.999902	-4.46067e-07	-0.999902	0.0140251	-5.57428e-06	-5.56748e-06	5.24203e-07	1	-0.751889	0.0261226	0.819176	
0.0139008	0.999903	-6.0952e-07	-0.999903	0.0139008	-7.61081e-06	-7.6016e-06	7.15258e-07	1	-0.751889	0.0261225	0.819299	
0.0137383	0.999906	-7.517e-07	-0.999906	0.0137383	-9.37646e-06	-9.36524e-06	8.80445e-07	1	-0.751889	0.0261225	0.819444	
0.0135423	0.999908	-8.74652e-07	-0.999908	0.0135423	-1.08966e-05	-1.08838e-05	1.02214e-06	1	-0.751889	0.0261224	0.819609	
0.0133172	0.999911	-9.80221e-07	-0.999911	0.0133172	-1.21945e-05	-1.21804e-05	1.14253e-06	1	-0.751889	0.0261223	0.81979	
0.0130668	0.999915	-1.07008e-06	-0.999915	0.0130668	-1.32914e-05	-1.32763e-05	1.24366e-06	1	-0.751889	0.0261223	0.819986	
0.0127947	0.999918	-1.14572e-06	-0.999918	0.0127947	-1.42068e-05	-1.41909e-05	1.3274e-06	1	-0.751889	0.0261222	0.820195	
0.0125041	0.999922	-1.20854e-06	-0.999922	0.0125041	-1.49583e-05	-1.49421e-05	1.39548e-06	1	-0.751889	0.0261222	0.820413	
0.012198	0.999926	-1.25976e-06	-0.999926	0.012198	-1.55624e-05	-1.55458e-05	1.44949e-06	1	-0.751889	0.0261222	0.82064	
0.0118788	0.999929	-1.30051e-06	-0.999929	0.0118788	-1.60337e-05	-1.60171e-05	1.49088e-06	1	-0.751889	0.0261221	0.820874	
0.011549	0.999933	-1.33183e-06	-0.999933	0.011549	-1.63859e-05	-1.63695e-05	1.52098e-06	1	-0.751889	0.0261221	0.821113	
0.0112108	0.999937	-1.35465e-06	-0.999937	0.0112108	-1.66314e-05	-1.66152e-05	1.54102e-06	1	-0.751889	0.0261221	0.821357	
0.0108661	0.999941	-1.36983e-06	-0.999941	0.0108661	-1.67814e-05	-1.67655e-05	1.5521e-06	1	-0.751889	0.0261221	0.821603	
0.0105165	0.999945	-1.37814e-06	-0.999945	0.0105165	-1.68462e-05	-1.68308e-05	1.55523e-06	1	-0.751889	0.0261221	0.821852	
0.0101637	0.999948	-1.38031e-06	-0.999948	0.0101637	-1.68353e-05	-1.68204e-05	1.55134e-06	1	-0.751889	0.0261221	0.822101	
0.00980902	0.999952	-1.37697e-06	-0.999952	0.00980902	-1.67571e-05	-1.67428e-05	1.54128e-06	1	-0.751889	0.0261221	0.822351	
0.00945373	0.999955	-1.36873e-06	-0.999955	0.00945373	-1.66195e-05	-1.66058e-05	1.52578e-06	1	-0.751889	0.0261221	0.822599	
0.00909892	0.999959	-1.35612e-06	-0.999959	0.00909892	-1.64296e-05	-1.64166e-05	1.50556e-06	1	-0.751889	0.0261221	0.822847	
0.00874559	0.999962	-1.33965e-06	-0.999962	0.00874559	-1.61937e-05	-1.61814e-05	1.48122e-06	1	-0.751889	0.0261221	0.823093	
0.00839461	0.999965	-1.31976e-06	-0.999965	0.00839461	-1.59178e-05	-1.59062e-05	1.45334e-06	1	-0.751889	0.0261222	0.823337	
0.00804675	0.999968	-1.29688e-06	-0.999968	0.00804675	-1.56072e-05	-1.55962e-05	1.42242e-06	1	-0.751889	0.0261222	0.823577	
0.00770268	0.99997	-1.27137e-06	-0.99997	0.00770268	-1.52666e-05	-1.52564e-05	1.38892e-06	1	-0.751889	0.0261222	0.823815	
0.00736301	0.999973	-1.24359e-06	-0.999973	0.00736301	-1.49005e-05	-1.48909e-05	1.35327e-06	1	-0.751889	0.0261222	0.824049	
0.00702824	0.999975	-1.21384e-06	-0.999975	0.00702824	-1.45127e-05	-1.45038e-05	1.31581e-06	1	-0.751889	0.0261222	0.824279	
0.00669882	0.999978	-1.18243e-06	-0.999978	0.00669882	-1.4107e-05	-1.40987e-05	1.2769e-06	1	-0.751889	0.0261223	0.824505	
0.00637515	0.99998	-1.1496e-06	-0.99998	0.00637515	-1.36864e-05	-1.36788e-05	1.23683e-06	1	-0.751889	0.0261223	0.824727	
0.00605754	0.999982	-1.11559e-06	-0.999982	0.00605754	-1.3254e-05	-1.3247e-05	1.19586e-06	1	-0.751889	0.0261223	0.824944	
0.00574627	0.999983	-1.08063e-06	-0.999983	0.00574627	-1.28123e-05	-1.28059e-05	1.15424e-06	1	-0.751889	0.0261223	0.825156	
0.00544157	0.999985	-1.04491e-06	-0.999985	0.00544157	-1.23637e-05	-1.23578e-05	1.11217e-06	1	-0.751889	0.0261224	0.825364	
0.00514363	0.999987	-1.00861e-06	-0.999987	0.00514363	-1.19103e-05	-1.19049e-05	1.06985e-06	1	-0.751889	0.0261224	0.825567	
0.00485258	0.999988	-9.71878e-07	-0.999988	0.00485258	-1.1454e-05	-1.14491e-05	1.02745e-06	1	-0.751889	0.0261224	0.825765	
0.00456855	0.99999	-9.34874e-07	-0.99999	0.00456855	-1.09965e-05	-1.09921e-05	9.85102e-07	1	-0.751889	0.0261224	0.825958	
0.00429162	0.999991	-8.97725e-07	-0.999991	0.00429162	-1.05393e-05	-1.05353e-05	9.42948e-07	1	-0.751889	0.0261225	0.826146	
0.00402183	0.999992	-8.6055e-07	-0.999992	0.00402183	-1.00837e-05	-1.00802e-05	9.01098e-07	1	-0.751889	0.0261225	0.826329	
0.00375923	0.999993	-8.23455e-07	-0.999993	0.00375923	-9.63106e-06	-9.62789e-06	8.59654e-07	1	-0.751889	0.0261225	0.826507	
0.00350381	0.999994	-7.86535e-07	-0.999994	0.00350381	-9.18227e-06	-9.17946e-06	8.18703e-07	1	-0.751889	0.0261225	0.82668	
0.00325557	0.999995	-7.49874e-07	-0.999995	0.00325557	-8.7383e-06	-8.73581e-06	7.78319e-07	1	-0.751889	0.0261226	0.826848	
0.00301447	0.999995	-7.1355e-07	-0.999995	0.00301447	-8.29997e-06	-8.29778e-06	7.38567e-07	1	-0.751889	0.0261226	0.827011	
0.00278046	0.999996	-6.77629e-07	-0.999996	0.00278046	-7.86798e-06	-7.86607e-06	6.99503e-07	1	-0.751889	0.0261226	0.827169	
0.0025535	0.999997	-6.4217e-07	-0.999997	0.0025535	-7.44295e-06	-7.44128e-06	6.61173e-07	1	-0.751889	0.0261226	0.827322	
0.0023335	0.999997	-6.07225e-07	-0.999997	0.0023335	-7.0254e-06	-7.02396e-06	6.23617e-07	1	-0.751889	0.0261227	0.827471	
0.00212038	0.999998	-5.7284e-07	-0.999998	0.00212038	-6.61577e-06	-6.61454e-06	5.86866e-07	1	-0.751889	0.0261227	0.827614	
0.00191405	0.999998	-5.39054e-07	-0.999998	0.00191405	-6.21446e-06	-6.21341e-06	5.50947e-07	1	-0.751889	0.0261227	0.827753	
0.00171441	0.999999	-5.05901e-07	-0.999999	0.00171441	-5.82176e-06	-5.82088e-06	5.15881e-07	1	-0.751889	0.0261227	0.827888	
0.00152135	0.999999	-4.7341e-07	-0.999999	0.00152135	-5.43794e-06	-5.43722e-06	4.81682e-07	1	-0.751889	0.0261227	0.828018	
0.00133477	0.999999	-4.41605e-07	-0.999999	0.00133477	-5.06321e-06	-5.06261e-06	4.48363e-07	1	-0.751889	0.0261228	0.828143	
0.00115453	0.999999	-4.10507e-07	-0.999999	0.00115453	-4.69771e-06	-4.69723e-06	4.1593e-07	1	-0.751889	0.0261228	0.828264	
0.000980529	1	-3.80131e-07	-1	0.000980529	-4.34157e-06	-4.34119e-06	3.84388e-07	1	-0.751889	0.0261228	0.828381	
0.000812628	1	-3.5049e-07	-1	0.000812628	-3.99486e-06	-3.99457e-06	3.53736e-07	1	-0.751889	0.0261228	0.828494	
0.000650703	1	-3.21595e-07	-1	0.000650703	-3.65762e-06	-3.65741e-06	3.23975e-07	1	-0.751889	0.0261228	0.828603	
0.000494624	1	-2.93452e-07	-1	0.000494624	-3.32988e-06	-3.32974e-06	2.95099e-07	1	-0.751889	0.0261228	0.828708	
0.000344258	1	-2.66064e-07	-1	0.000344258	-3.01161e-06	-3.01152e-06	2.67101e-07	1	-0.751889	0.0261228	0.828808	
0.000199473	1	-2.39435e-07	-1	0.000199473	-2.70279e-06	-2.70274e-06	2.39974e-07	1	-0.751889	0.0261229	0.828906	
6.01355e-05	1	-2.13564e-07	-1	6.01355e-05	-2.40334e-06	-2.40332e-06	2.13709e-07	1	-0.751889	0.0261229	0.828999	
0.000692377	1	0.000129382	-1	0.000692355	0.000166565	0.000166475	-0.000129498	1	-0.751908	0.0261132	0.829011	
0.00148778	0.999999	0.000285517	-0.999999	0.00148768	0.000370415	0.00036999	-0.000286068	1	-0.751931	0.0261016	0.829004	
0.00225171	0.999997	0.000435294	-0.999997	0.00225146	0.000566312	0.000565331	-0.000436568	1	-0.751953	0.0260905	0.828996	
0.00298498	0.999995	0.000578882	-0.999995	0.00298454	0.000754452	0.000752721	-0.000581131	1	-0.751974	0.0260798	0.82899	
0.00368843	0.999993	0.00071645	-0.999993	0.00368776	0.000935034	0.000932385	-0.000719893	0.999999	-0.751994	0.0260696	0.828983	
0.00436289	0.99999	0.000848167	-0.99999	0.00436195	0.00110825	0.00110454	-0.000852994	0.999999	-0.752014	0.0260598	0.828977	
0.00500915	0.999987	0.000974201	-0.999987	0.00500791	0.00127431	0.00126941	-0.000980571	0.999999	-0.752032	0.0260504	0.828971	
0.00562803	0.999984	0.00109472	-0.999983	0.00562645	0.00143339	0.0014272	-0.00110277	0.999998	-0.75205	0.0260414	0.828965	
0.00622029	0.99998	0.00120988	-0.999979	0.00621837	0.00158569	0.00157813	-0.00121972	0.999998	-0.752067	0.0260328	0.828959	
0.00676631	0.999976	0.00131723	-0.999976	0.00676403	0.00173218	0.00172323	-0.00132892	0.999998	-0.752083	0.026025	0.828954	
0.00723952	0.999973	0.00141339	-0.999972	0.00723687	0.00187404	0.00186376	-0.00142692	0.999997	-0.752097	0.0260183	0.828949	
0.00764438	0.99997	0.00149895	-0.999969	0.00764136	0.00201125	0.00199973	-0.00151428	0.999997	-0.75211	0.0260128	0.828944	
0.00798504	0.999967	0.00157446	-0.999966	0.00798166	0.00214381	0.00213117	-0.00159153	0.999996	-0.752122	0.0260083	0.82894	
0.00826548	0.999964	0.00164047	-0.999963	0.00826174	0.00227173	0.0022581	-0.00165919	0.999996	-0.752132	0.0260047	0.828936	
0.0084895	0.999963	0.00169751	-0.999961	0.00848542	0.00239506	0.00238057	-0.00171777	0.999996	-0.752141	0.0260021	0.828932	
0.00866072	0.999961	0.00174606	-0.999959	0.00865632	0.00251382	0.00249861	-0.00176776	0.999995	-0.752149	0.0260002	0.828929	
0.00878262	0.99996	0.00178663	-0.999958	0.00877791	0.00262806	0.00261228	-0.00180963	0.999995	-0.752156	0.0259992	0.828925	
0.00885851	0.999959	0.00181967	-0.999957	0.00885351	0.00273784	0.00272162	-0.00184385	0.999995	-0.752162	0.0259989	0.828922	
0.00889153	0.999959	0.00184565	-0.999956	0.00888627	0.00284322	0.0028267	-0.00187085	0.999994	-0.752166	0.0259992	0.828919	
0.00887166	0.999959	0.00186739	-0.999956	0.00886613	0.00294873	0.00293205	-0.00189346	0.999994	-0.752178	0.0259966	0.828917	
0.00872134	0.99996	0.00189994	-0.999957	0.00871546	0.00308041	0.00306373	-0.00192672	0.999993	-0.752241	0.0259696	0.828913	
0.00843941	0.999962	0.00194449	-0.999959	0.00843308	0.00323784	0.00322132	-0.00197174	0.999993	-0.752358	0.0259176	0.828909	
0.00803831	0.999966	0.00199977	-0.999962	0.00803144	0.0034167	0.00340052	-0.00202716	0.999992	-0.752522	0.0258435	0.828904	
0.00752984	0.99997	0.00206461	-0.999965	0.00752235	0.00361316	0.00359751	-0.00209174	0.999991	-0.752728	0.0257499	0.828898	
0.00692514	0.999974	0.00213787	-0.999969	0.00691693	0.00382385	0.00380896	-0.00216429	0.99999	-0.752971	0.025639	0.828892	
0.00623467	0.999978	0.00221853	-0.999972	0.00622566	0.00404582	0.00403192	-0.0022437	0.999989	-0.753245	0.0255132	0.828885	
0.00546821	0.999982	0.00230562	-0.999976	0.00545832	0.00427643	0.00426377	-0.00232895	0.999988	-0.753547	0.0253743	0.828879	
0.00463488	0.999986	0.00239822	-0.999979	0.00462402	0.00451336	0.00450221	-0.00241909	0.999987	-0.753873	0.0252241	0.828871	
0.00374313	0.99999	0.00249549	-0.999982	0.00373124	0.00475459	0.00474523	-0.00251324	0.999986	-0.754219	0.0250644	0.828864	
0.00280083	0.999993	0.00259664	-0.999984	0.00278782	0.0049983	0.00499102	-0.00261059	0.999984	-0.754583	0.0248965	0.828857	
0.00181521	0.999995	0.00270093	-0.999985	0.00180104	0.00524292	0.00523802	-0.0027104	0.999983	-0.754961	0.0247218	0.828849	
0.000792988	0.999996	0.00280768	-0.999985	0.000777573	0.00548705	0.00548484	-0.00281199	0.999981	-0.75535	0.0245416	0.828841	
-0.000259698	0.999996	0.00291626	-0.999984	-0.000276404	0.00572949	0.00573027	-0.00291473	0.999979	-0.755749	0.0243569	0.828834	
-0.00133719	0.999995	0.00302608	-0.999981	-0.00135523	0.00596917	0.00597324	-0.00301805	0.999978	-0.756154	0.0241689	0.828826	
-0.00243429	0.999992	0.0031366	-0.999978	-0.00245372	0.00620519	0.00621284	-0.00312143	0.999976	-0.756565	0.0239783	0.828818	
-0.00354627	0.999988	0.00324731	-0.999973	-0.00356712	0.00643674	0.00644825	-0.0032244	0.999974	-0.75698	0.0237861	0.828811	
-0.00466878	0.999983	0.00335775	-0.999967	-0.00469108	0.00666316	0.0066788	-0.00332653	0.999972	-0.757397	0.0235929	0.828803	
-0.00579788	0.999977	0.0034675	-0.999959	-0.00582165	0.00688387	0.0069039	-0.00342745	0.99997	-0.757814	0.0233995	0.828796	
-0.00692998	0.99997	0.00357617	-0.999951	-0.00695524	0.00709838	0.00712304	-0.0035268	0.999968	-0.75823	0.0232065	0.828789	
-0.00806182	0.999961	0.0036834	-0.999941	-0.00808857	0.00730631	0.00733582	-0.00362428	0.999967	-0.758645	0.0230143	0.828782	
-0.00919043	0.999951	0.00378887	-0.999929	-0.00921868	0.00750732	0.00754188	-0.00371961	0.999965	-0.759057	0.0228235	0.828775	
-0.0103132	0.999939	0.0038923	-0.999917	-0.0103429	0.00770116	0.00774095	-0.00381255	0.999963	-0.759465	0.0226346	0.828768	
-0.0114276	0.999927	0.00399341	-0.999903	-0.0114589	0.00788763	0.00793281	-0.00390289	0.999961	-0.759869	0.0224478	0.828762	
-0.0125317	0.999913	0.00409197	-0.999889	-0.0125644	0.00806659	0.0081173	-0.00399043	0.999959	-0.760267	0.0222636	0.828755	
-0.0136234	0.999898	0.00418778	-0.999873	-0.0136575	0.00823793	0.00829429	-0.00407501	0.999957	-0.760661	0.0220822	0.828749	
-0.014701	0.999883	0.00428063	-0.999856	-0.0147366	0.00840161	0.00846371	-0.0041565	0.999956	-0.761047	0.0219038	0.828743	
-0.0157631	0.999866	0.00437038	-0.999839	-0.0158001	0.0085576	0.00862551	-0.00423478	0.999954	-0.761428	0.0217288	0.828738	
-0.0168083	0.999849	0.00445688	-0.99982	-0.0168466	0.00870593	0.0087797	-0.00430974	0.999952	-0.761801	0.0215573	0.828732	
-0.0178354	0.999831	0.00454	-0.999801	-0.0178751	0.00884663	0.00892628	-0.00438131	0.999951	-0.762167	0.0213895	0.828727	
-0.0188435	0.999812	0.00461965	-0.999781	-0.0188844	0.00897977	0.00906532	-0.00444943	0.999949	-0.762525	0.0212255	0.828722	
-0.0198316	0.999792	0.00469574	-0.999761	-0.0198738	0.00910545	0.00919688	-0.00451404	0.999948	-0.762876	0.0210654	0.828718	
-0.0207991	0.999772	0.00476819	-0.99974	-0.0208425	0.00922377	0.00932105	-0.00457511	0.999946	-0.763219	0.0209093	0.828713	
-0.0217453	0.999752	0.00483697	-0.999719	-0.0217898	0.00933485	0.00943793	-0.00463262	0.999945	-0.763553	0.0207572	0.828709	
-0.0226698	0.999731	0.00490202	-0.999697	-0.0227153	0.00943884	0.00954765	-0.00468656	0.999943	-0.76388	0.0206093	0.828705	
-0.0235721	0.99971	0.00496333	-0.999676	-0.0236186	0.00953589	0.00965035	-0.00473694	0.999942	-0.764198	0.0204656	0.828701	
-0.0244519	0.999688	0.00502088	-0.999653	-0.0244994	0.00962615	0.00974615	-0.00478376	0.999941	-0.764507	0.0203261	0.828698	
-0.0253227	0.999666	0.00507431	-0.999631	-0.025371	0.00970517	0.00983067	-0.00482668	0.99994	-0.76481	0.0201906	0.828695	
-0.0262647	0.999642	0.00511984	-0.999606	-0.0263137	0.00974475	0.00987598	-0.00486188	0.999939	-0.765109	0.0200591	0.828696	
-0.0272789	0.999615	0.00515502	-0.999579	-0.0273282	0.00974345	0.00988057	-0.00488706	0.999939	-0.765404	0.0199319	0.828703	
-0.0283313	0.999585	0.00517821	-0.99955	-0.0283805	0.0097046	0.00984753	-0.00490094	0.99994	-0.765694	0.0198079	0.828713	
-0.0292792	0.999558	0.00518802	-0.999523	-0.0293282	0.00963187	0.00977977	-0.00490354	0.99994	-0.765964	0.0196793	0.828729	
-0.0301102	0.999533	0.0051831	-0.9995	-0.0301586	0.00952799	0.00967986	-0.00489362	0.999941	-0.766213	0.0195463	0.828749	
-0.030834	0.999511	0.00516224	-0.999479	-0.0308816	0.00939533	0.00955015	-0.00486985	0.999943	-0.766443	0.0194104	0.828773	
-0.0314596	0.999492	0.00512433	-0.999461	-0.0315059	0.00923603	0.00939279	-0.00483101	0.999944	-0.766654	0.0192728	0.828802	
-0.0319949	0.999475	0.00506841	-0.999446	-0.0320399	0.00905209	0.00920973	-0.00477598	0.999946	-0.766848	0.0191346	0.828836	
-0.0324476	0.999461	0.0049936	-0.999433	-0.0324909	0.0088453	0.00900278	-0.00470376	0.999948	-0.767026	0.018997	0.828874	
-0.0328244	0.999449	0.00489912	-0.999423	-0.0328658	0.00861728	0.00877355	-0.00461343	0.999951	-0.767189	0.0188609	0.828917	
-0.0331318	0.99944	0.00478429	-0.999415	-0.033171	0.00836952	0.00852353	-0.00450419	0.999954	-0.767337	0.018727	0.828965	
-0.0331746	0.999439	0.00467588	-0.999414	-0.0332126	0.00829794	0.00844858	-0.00439786	0.999955	-0.767426	0.0185914	0.829018	
-0.0328893	0.999449	0.00458095	-0.999422	-0.0329273	0.00846922	0.00861539	-0.00429976	0.999954	-0.767439	0.0184533	0.829077	
-0.0322829	0.999469	0.00431105	-0.999441	-0.0323189	0.00855697	0.00869176	-0.00403239	0.999954	-0.76744	0.0183562	0.829151	
-0.0312672	0.999504	0.00380522	-0.999474	-0.0312988	0.00853988	0.00865474	-0.0035362	0.999956	-0.767429	0.0183143	0.829245	
-0.0303231	0.999535	0.00328854	-0.999504	-0.0303499	0.00845791	0.00855378	-0.00303043	0.999959	-0.767419	0.0182735	0.829345	
-0.0294501	0.999562	0.00276247	-0.999531	-0.0294722	0.00831688	0.00839465	-0.00251624	0.999962	-0.76741	0.0182339	0.82945	
-0.028648	0.999587	0.00222852	-0.999556	-0.0286653	0.00812215	0.00818268	-0.00199485	0.999965	-0.767403	0.0181955	0.829561	
-0.0279159	0.999609	0.00168786	-0.999579	-0.0279284	0.00787862	0.00792268	-0.00146721	0.999968	-0.767396	0.0181584	0.829676	
-0.0272487	0.999628	0.0011397	-0.9996	-0.0272566	0.00759047	0.00761871	-0.000932409	0.999971	-0.767389	0.0181232	0.829797	
-0.0266397	0.999645	0.000582359	-0.999619	-0.0266432	0.00726134	0.00727428	-0.000388697	0.999973	-0.767382	0.0180905	0.829922	
-0.0260829	0.99966	1.43225e-05	-0.999636	-0.0260823	0.00689451	0.00689254	0.000165511	0.999976	-0.767374	0.0180609	0.830052	
-0.0255725	0.999673	-0.000565797	-0.999652	-0.0255683	0.00649297	0.00647638	0.000731642	0.999979	-0.767365	0.0180351	0.830187	
-0.0251037	0.999684	-0.00115925	-0.999667	-0.0250962	0.0060594	0.00602839	0.00131097	0.999981	-0.767355	0.0180135	0.830326	
-0.0246715	0.999694	-0.00176715	-0.99968	-0.0246613	0.00559621	0.00555091	0.00190466	0.999983	-0.767343	0.0179965	0.830471	
-0.0242718	0.999703	-0.00239052	-0.999693	-0.0242594	0.00510557	0.00504606	0.00251371	0.999984	-0.767329	0.0179846	0.83062	
-0.0239008	0.99971	-0.00303026	-0.999704	-0.0238867	0.00458945	0.00451573	0.00313906	0.999985	-0.767314	0.017978	0.830774	
-0.0235548	0.999716	-0.00368718	-0.999715	-0.0235398	0.00404957	0.00396162	0.00378151	0.999985	-0.767296	0.0179771	0.830933	
-0.0232306	0.999721	-0.00436198	-0.999724	-0.0232155	0.0034875	0.00338526	0.0044418	0.999984	-0.767275	0.0179821	0.831097	
-0.0229253	0.999724	-0.00505532	-0.999733	-0.0229108	0.00290461	0.00278798	0.00512056	0.999983	-0.767253	0.0179933	0.831266	
-0.0226361	0.999727	-0.00576773	-0.999741	-0.0226232	0.00230212	0.00217101	0.00581835	0.999981	-0.767227	0.0180109	0.831439	
-0.0223607	0.999729	-0.00649973	-0.999749	-0.0223502	0.00168111	0.00153538	0.00653568	0.999977	-0.767199	0.018035	0.831617	
-0.0220968	0.99973	-0.00725172	-0.999755	-0.0220898	0.00104251	0.000882042	0.00727298	0.999973	-0.767169	0.0180658	0.8318	
-0.0218424	0.999729	-0.00802408	-0.999761	-0.02184	0.00038715	0.000211799	0.00803062	0.999968	-0.767135	0.0181033	0.831987	
-0.0215944	0.999728	-0.00878247	-0.999767	-0.0215976	-0.000264632	-0.00045424	0.0087747	0.999961	-0.767103	0.0181435	0.832195	
-0.0213484	0.999728	-0.00942883	-0.999772	-0.0213574	-0.000856235	-0.00105738	0.00940839	0.999955	-0.767085	0.0181743	0.832463	
-0.0211044	0.999728	-0.00996858	-0.999776	-0.0211192	-0.00138961	-0.00159976	0.00993702	0.999949	-0.76708	0.018196	0.832789	
-0.0208624	0.999728	-0.0104121	-0.99978	-0.020883	-0.00186965	-0.00208658	0.0103708	0.999944	-0.767087	0.0182097	0.833162	
-0.0206226	0.999729	-0.0107689	-0.999784	-0.0206485	-0.00230083	-0.00252257	0.0107192	0.999939	-0.767105	0.0182163	0.833579	
-0.0203851	0.999731	-0.0110477	-0.999788	-0.020416	-0.00268728	-0.00291211	0.0109906	0.999935	-0.767131	0.0182165	0.834031	
-0.02015	0.999734	-0.0112564	-0.999792	-0.0201853	-0.0030328	-0.0032592	0.0111929	0.999932	-0.767165	0.0182112	0.834515	
-0.0199172	0.999737	-0.0114022	-0.999795	-0.0199564	-0.00334086	-0.00356752	0.0113333	0.999929	-0.767206	0.018201	0.835024	
-0.0196868	0.99974	-0.0114917	-0.999799	-0.0197295	-0.00361466	-0.00384045	0.0114182	0.999927	-0.767252	0.0181865	0.835555	
-0.0193072	0.999747	-0.0115123	-0.999806	-0.0193511	-0.00371183	-0.00393367	0.0114384	0.999927	-0.767268	0.0181652	0.836105	
-0.0188835	0.999756	-0.0114825	-0.999814	-0.0189275	-0.00373563	-0.00395205	0.0114098	0.999927	-0.767278	0.0181395	0.836669	
-0.0184542	0.999765	-0.011412	-0.999822	-0.0184978	-0.00372575	-0.00393597	0.0113412	0.999928	-0.767289	0.018111	0.837244	
-0.0180213	0.999774	-0.0113056	-0.99983	-0.018064	-0.00368624	-0.00388963	0.0112373	0.999929	-0.767301	0.0180799	0.837826	
-0.0175864	0.999783	-0.0111678	-0.999838	-0.0176278	-0.00362077	-0.00381684	0.0111023	0.999931	-0.767315	0.0180468	0.838414	
-0.0171509	0.999792	-0.0110025	-0.999846	-0.0171906	-0.00353265	-0.00372105	0.0109402	0.999933	-0.767329	0.0180119	0.839005	
-0.016716	0.999802	-0.0108132	-0.999854	-0.0167539	-0.00342491	-0.0036054	0.0107544	0.999936	-0.767344	0.0179757	0.839597	
-0.0162831	0.999811	-0.0106033	-0.999861	-0.0163189	-0.00330028	-0.00347269	0.0105481	0.999938	-0.76736	0.0179384	0.840188	
-0.0158529	0.99982	-0.0103757	-0.999869	-0.0158865	-0.00316124	-0.00332551	0.0103243	0.999941	-0.767376	0.0179004	0.840776	
-0.0154266	0.99983	-0.0101331	-0.999876	-0.0154578	-0.00301001	-0.00316614	0.0100854	0.999944	-0.767393	0.0178617	0.84136	
-0.0150047	0.999839	-0.00987787	-0.999883	-0.0150335	-0.00284862	-0.00299666	0.00983397	0.999947	-0.76741	0.0178228	0.841939	
-0.014588	0.999847	-0.00961221	-0.99989	-0.0146144	-0.00267889	-0.00281896	0.00957207	0.99995	-0.767427	0.0177838	0.842511	
-0.0141771	0.999856	-0.0093381	-0.999896	-0.0142011	-0.00250245	-0.0026347	0.00930165	0.999953	-0.767444	0.0177448	0.843076	
-0.0137725	0.999864	-0.0090573	-0.999902	-0.0137941	-0.00232077	-0.00244539	0.00902445	0.999956	-0.767462	0.017706	0.843632	
-0.0133746	0.999872	-0.00877141	-0.999908	-0.0133938	-0.00213518	-0.00225239	0.00874204	0.999959	-0.767479	0.0176676	0.844178	
-0.0129839	0.99988	-0.00848186	-0.999914	-0.0130008	-0.00194686	-0.00205689	0.00845585	0.999962	-0.767496	0.0176297	0.844715	
-0.0126005	0.999887	-0.00818993	-0.999919	-0.0126153	-0.00175686	-0.00185998	0.00816712	0.999965	-0.767514	0.0175923	0.845242	
-0.0122248	0.999894	-0.00789676	-0.999924	-0.0122375	-0.00156614	-0.00166261	0.00787701	0.999968	-0.767531	0.0175557	0.845758	
-0.0117566	0.999902	-0.00764616	-0.99993	-0.0117676	-0.00138567	-0.00147551	0.00762933	0.99997	-0.767545	0.0175308	0.846265	
-0.0111712	0.99991	-0.00746117	-0.999937	-0.0111808	-0.00124115	-0.00132446	0.00744683	0.999971	-0.76756	0.0175232	0.846765	
-0.0106273	0.999917	-0.00727816	-0.999943	-0.0106358	-0.00112363	-0.00120095	0.0072658	0.999973	-0.767582	0.0175165	0.847252	
-0.0101129	0.999924	-0.00709629	-0.999948	-0.0101204	-0.00102168	-0.00109342	0.00708559	0.999974	-0.767606	0.0175105	0.847728	
-0.00958521	0.99993	-0.00691149	-0.999954	-0.00959162	-0.000894978	-0.000961208	0.00690259	0.999976	-0.767625	0.0175042	0.848191	
-0.00907172	0.999936	-0.00672702	-0.999959	-0.0090771	-0.000769524	-0.000830536	0.00671976	0.999977	-0.767642	0.0174982	0.848642	
-0.00857265	0.999942	-0.00654326	-0.999963	-0.00857705	-0.000645639	-0.000701723	0.00653749	0.999978	-0.76766	0.0174925	0.84908	
-0.00808816	0.999947	-0.00636054	-0.999967	-0.00809166	-0.000523604	-0.000575043	0.00635609	0.99998	-0.767677	0.0174871	0.849506	
-0.00761838	0.999952	-0.00617913	-0.999971	-0.00762102	-0.000403663	-0.000450735	0.00617587	0.999981	-0.767693	0.017482	0.84992	
-0.00716335	0.999956	-0.00599929	-0.999974	-0.00716519	-0.000286028	-0.000329001	0.00599708	0.999982	-0.767709	0.0174772	0.850322	
-0.00672308	0.99996	-0.00582124	-0.999977	-0.00672419	-0.000170882	-0.000210018	0.00581996	0.999983	-0.767725	0.0174727	0.850711	
-0.00629754	0.999964	-0.00564517	-0.99998	-0.00629797	-5.83801e-05	-9.39312e-05	0.0056447	0.999984	-0.76774	0.0174684	0.851088	
-0.00588665	0.999968	-0.00547127	-0.999983	-0.00588645	5.13448e-05	1.91368e-05	0.00547147	0.999985	-0.767755	0.0174644	0.851453	
-0.0054903	0.999971	-0.00529966	-0.999985	-0.00548954	0.000158183	0.000129086	0.00530045	0.999986	-0.767769	0.0174607	0.851806	
-0.00510835	0.999974	-0.00513047	-0.999987	-0.00510708	0.000262044	0.000235835	0.00513175	0.999987	-0.767783	0.0174572	0.852148	
-0.00474065	0.999976	-0.00496382	-0.999989	-0.00473891	0.000362855	0.000339324	0.00496548	0.999988	-0.767796	0.0174539	0.852478	
-0.004387	0.999979	-0.00479978	-0.99999	-0.00438484	0.00046056	0.000439504	0.00480176	0.999988	-0.767809	0.0174509	0.852796	
-0.0040472	0.999981	-0.00463844	-0.999992	-0.00404467	0.000555117	0.000536346	0.00464065	0.999989	-0.767821	0.0174481	0.853104	
-0.00372831	0.999983	-0.00449026	-0.999993	-0.00372546	0.000643195	0.000626456	0.00449263	0.99999	-0.767832	0.0174483	0.853401	
