-1	-1.75363e-07	6.33969e-06	1.75359e-07	-1	-5.94742e-07	6.33969e-06	-5.94741e-07	1	-0.7669	0.00849972	0.562011	
-1	-2.78709e-06	6.09146e-05	2.78675e-06	-1	-5.56371e-06	6.09147e-05	-5.56354e-06	1	-0.7669	0.00849731	0.562186	
-1	-4.77546e-06	0.000102423	4.7745e-06	-1	-9.34274e-06	0.000102423	-9.34225e-06	1	-0.7669	0.00849548	0.562462	
-1	-6.25126e-06	0.000133188	6.24964e-06	-1	-1.21435e-05	0.000133188	-1.21427e-05	1	-0.7669	0.00849412	0.562813	
-1	-7.30728e-06	0.000155157	7.30508e-06	-1	-1.41434e-05	0.000155157	-1.41423e-05	1	-0.7669	0.00849315	0.563221	
-1	-8.0211e-06	0.000169959	8.01847e-06	-1	-1.54906e-05	0.000169959	-1.54893e-05	1	-0.7669	0.00849249	0.563669	
-1	-8.45755e-06	0.000178952	8.45463e-06	-1	-1.63089e-05	0.000178952	-1.63074e-05	1	-0.7669	0.00849209	0.564144	
-1	-8.6707e-06	0.000183272	8.66764e-06	-1	-1.67017e-05	0.000183272	-1.67001e-05	1	-0.7669	0.0084919	0.564635	
-1	-8.70558e-06	0.000183863	8.7025e-06	-1	-1.67549e-05	0.000183863	-1.67533e-05	1	-0.7669	0.00849187	0.565133	
-1	-8.5996e-06	0.000181509	8.5966e-06	-1	-1.65399e-05	0.000181509	-1.65383e-05	1	-0.7669	0.00849197	0.565631	
-1	-8.38381e-06	0.000176862	8.38096e-06	-1	-1.61161e-05	0.000176862	-1.61146e-05	1	-0.7669	0.00849217	0.566123	
-1	-8.08388e-06	0.00017046	8.08123e-06	-1	-1.55323e-05	0.00017046	-1.55309e-05	1	-0.7669	0.00849245	0.566607	
-1	-7.72097e-06	0.000162745	7.71855e-06	-1	-1.4829e-05	0.000162745	-1.48277e-05	1	-0.7669	0.00849279	0.567077	
-1	-7.31246e-06	0.000154082	7.3103e-06	-1	-1.40394e-05	0.000154082	-1.40382e-05	1	-0.7669	0.00849317	0.567531	
-1	-6.87259e-06	0.000144768	6.87068e-06	-1	-1.31905e-05	0.000144768	-1.31895e-05	1	-0.7669	0.00849358	0.567969	
-1	-6.41292e-06	0.000135046	6.41126e-06	-1	-1.23044e-05	0.000135047	-1.23035e-05	1	-0.7669	0.00849401	0.568387	
-1	-5.94283e-06	0.000125113	5.94141e-06	-1	-1.1399e-05	0.000125113	-1.13983e-05	1	-0.7669	0.00849445	0.568787	
-1	-5.46985e-06	0.000115124	5.46864e-06	-1	-1.04887e-05	0.000115124	-1.0488e-05	1	-0.7669	0.00849489	0.569166	
-1	-4.99994e-06	0.000105205	4.99894e-06	-1	-9.58472e-06	0.000105205	-9.58419e-06	1	-0.7669	0.00849533	0.569525	
-1	-4.53784e-06	9.54551e-05	4.53701e-06	-1	-8.69612e-06	9.54551e-05	-8.69569e-06	1	-0.7669	0.00849576	0.569864	
-1	-4.08719e-06	8.59496e-05	4.08651e-06	-1	-7.82984e-06	8.59496e-05	-7.82949e-06	1	-0.7669	0.00849618	0.570184	
-1	-3.65076e-06	7.67466e-05	3.65022e-06	-1	-6.99115e-06	7.67466e-05	-6.99087e-06	1	-0.7669	0.00849659	0.570484	
-1	-3.23062e-06	6.78889e-05	3.2302e-06	-1	-6.18394e-06	6.78889e-05	-6.18372e-06	1	-0.7669	0.00849698	0.570765	
-1	-2.82822e-06	5.94069e-05	2.8279e-06	-1	-5.41098e-06	5.94069e-05	-5.41081e-06	1	-0.7669	0.00849735	0.571028	
-1	-2.44455e-06	5.1321e-05	2.44431e-06	-1	-4.67413e-06	5.1321e-05	-4.67401e-06	1	-0.7669	0.00849771	0.571273	
-1	-2.0802e-06	4.36432e-05	2.08003e-06	-1	-3.97448e-06	4.36432e-05	-3.97439e-06	1	-0.7669	0.00849805	0.571502	
-1	-1.73544e-06	3.63788e-05	1.73532e-06	-1	-3.31254e-06	3.63789e-05	-3.31247e-06	1	-0.7669	0.00849838	0.571714	
-1	-1.41027e-06	2.95282e-05	1.41019e-06	-1	-2.68829e-06	2.95282e-05	-2.68825e-06	1	-0.7669	0.00849868	0.571911	
-1	-0.000859243	0.000109565	0.000859257	-1	0.000125267	0.000109457	0.000125361	1	-0.766925	0.00851301	0.571998	
-0.999997	-0.00247544	0.000266737	0.00247554	-0.999997	0.000365505	0.000265831	0.000366164	1	-0.766972	0.00853968	0.571989	
-0.999992	-0.00396427	0.000411817	0.00396451	-0.999992	0.000586486	0.000409489	0.000588114	1	-0.767015	0.00856418	0.57198	
-0.999986	-0.00533251	0.000545418	0.00533294	-0.999985	0.000789235	0.000541201	0.000792132	1	-0.767054	0.00858665	0.571972	
-0.999978	-0.00658682	0.000668146	0.00658747	-0.999978	0.000974762	0.000661711	0.000979142	0.999999	-0.767091	0.0086072	0.571965	
-0.999971	-0.0076081	0.000785278	0.007609	-0.99997	0.00114976	0.000776507	0.00115571	0.999999	-0.767124	0.00862819	0.571958	
-0.999965	-0.00830049	0.000904709	0.00830168	-0.999965	0.00132074	0.000893714	0.0013282	0.999999	-0.767153	0.00865171	0.571951	
-0.999961	-0.00872705	0.00102678	0.00872857	-0.999961	0.00148765	0.00101375	0.00149656	0.999998	-0.767179	0.0086772	0.571944	
-0.999959	-0.00893909	0.00115148	0.00894098	-0.999959	0.00165051	0.00113668	0.00166074	0.999998	-0.7672	0.0087042	0.571937	
-0.999959	-0.00897938	0.00127883	0.00898169	-0.999958	0.00180931	0.00126253	0.00182072	0.999998	-0.767218	0.00873232	0.57193	
-0.99996	-0.00888599	0.00141058	0.00888876	-0.999959	0.00197069	0.00139301	0.00198315	0.999997	-0.767232	0.00877786	0.571923	
-0.999961	-0.0087002	0.00155662	0.00870358	-0.99996	0.0021791	0.0015376	0.00219256	0.999996	-0.767243	0.00895228	0.571915	
-0.999963	-0.00843691	0.00171228	0.00844106	-0.999961	0.00243073	0.0016917	0.0024451	0.999996	-0.767253	0.00924788	0.571905	
-0.999965	-0.00810724	0.00187163	0.0081123	-0.999963	0.00271321	0.00184957	0.0027283	0.999995	-0.767261	0.00963587	0.571894	
-0.999968	-0.00772237	0.0020302	0.00772847	-0.999966	0.00301615	0.00200684	0.00303174	0.999993	-0.767269	0.0100925	0.571883	
-0.999971	-0.00729326	0.00218468	0.00730052	-0.999968	0.00333087	0.00216032	0.00334672	0.999992	-0.767275	0.010598	0.571872	
-0.999974	-0.00683034	0.00233271	0.00683883	-0.99997	0.00365023	0.00230771	0.00366608	0.999991	-0.767281	0.0111366	0.57186	
-0.999977	-0.00634329	0.00247266	0.00635307	-0.999972	0.00396836	0.00244742	0.00398397	0.999989	-0.767287	0.011695	0.571849	
-0.99998	-0.00584091	0.00260349	0.00585202	-0.999974	0.00428052	0.00257842	0.00429567	0.999987	-0.767291	0.0122626	0.571839	
-0.999982	-0.00533103	0.00272458	0.00534348	-0.999975	0.00458296	0.00270008	0.00459744	0.999986	-0.767296	0.0128311	0.571829	
-0.999984	-0.0048205	0.00283566	0.00483428	-0.999976	0.00487272	0.00281211	0.00488635	0.999984	-0.7673	0.0133936	0.571819	
-0.999986	-0.00431515	0.00293672	0.00433023	-0.999977	0.00514757	0.00291444	0.00516021	0.999982	-0.767303	0.0139448	0.57181	
-0.999988	-0.00381988	0.0030279	0.00383621	-0.999978	0.00540586	0.00300719	0.00541741	0.999981	-0.767306	0.0144806	0.571801	
-0.99999	-0.0033387	0.00310949	0.00335622	-0.999978	0.00564646	0.00309057	0.00565684	0.999979	-0.767308	0.0149979	0.571794	
-0.999991	-0.00287479	0.00318186	0.00289343	-0.999979	0.00586865	0.00316492	0.0058778	0.999978	-0.767309	0.0154944	0.571786	
-0.999992	-0.0024306	0.00324542	0.00245027	-0.999979	0.00607205	0.00323059	0.00607995	0.999976	-0.76731	0.0159686	0.57178	
-0.999993	-0.00200793	0.00330062	0.00202855	-0.999978	0.00625659	0.00328799	0.00626324	0.999975	-0.76731	0.0164194	0.571774	
-0.999993	-0.00160802	0.00334794	0.0016295	-0.999978	0.00642241	0.00333754	0.00642782	0.999974	-0.76731	0.0168463	0.571769	
-0.999994	-0.00123163	0.00338783	0.00125386	-0.999978	0.00656984	0.00337967	0.00657404	0.999973	-0.767309	0.0172489	0.571764	
-0.999994	-0.000879443	0.00340169	0.000902089	-0.999977	0.00666148	0.00339576	0.0066645	0.999972	-0.767305	0.0176202	0.571875	
-0.999994	-0.000557255	0.00335259	0.000579445	-0.999978	0.00662123	0.00334883	0.00662313	0.999972	-0.767294	0.0179452	0.572334	
-0.999995	-0.000263148	0.00325297	0.000284205	-0.999979	0.00647423	0.0032512	0.00647512	0.999974	-0.767278	0.0182294	0.573074	
-0.999995	5.16028e-06	0.00311483	1.42917e-05	-0.999981	0.00624492	0.0031148	0.00624494	0.999976	-0.767258	0.0184778	0.574027	
-0.999996	0.000249744	0.00294803	-0.00023219	-0.999982	0.00595349	0.00294947	0.00595278	0.999978	-0.767234	0.0186949	0.575137	
-0.999996	0.000472489	0.00276067	-0.000456978	-0.999984	0.00561651	0.00276328	0.00561523	0.99998	-0.767209	0.0188846	0.576359	
-0.999996	0.000675111	0.00255936	-0.000661673	-0.999986	0.00524758	0.00256286	0.00524587	0.999983	-0.767182	0.0190502	0.577655	
-0.999997	0.000859175	0.00234944	-0.000847754	-0.999988	0.00485778	0.00235359	0.00485577	0.999985	-0.767155	0.0191945	0.578995	
-0.999997	0.000950694	0.00212458	-0.000941283	-0.99999	0.00442651	0.00212877	0.00442449	0.999988	-0.767128	0.0193125	0.580357	
-0.999998	0.000410263	0.00180731	-0.000403483	-0.999993	0.00375041	0.00180884	0.00374968	0.999991	-0.767101	0.0193516	0.581734	
-0.999999	6.39666e-05	0.00148068	-5.93954e-05	-0.999995	0.00308711	0.00148087	0.00308702	0.999994	-0.767079	0.0193789	0.583094	
-0.999999	-9.33267e-05	0.00115561	9.61671e-05	-0.999997	0.0024581	0.00115538	0.00245821	0.999996	-0.767062	0.0194005	0.584426	
-1	-0.000146841	0.000847157	0.000148437	-0.999998	0.00188327	0.000846879	0.0018834	0.999998	-0.767046	0.0194223	0.585717	
-1	-0.000119948	0.000556374	0.000120703	-0.999999	0.00135858	0.00055621	0.00135865	0.999999	-0.767033	0.0194439	0.586963	
-1	-3.193e-05	0.000283895	3.21799e-05	-1	0.000880331	0.000283867	0.00088034	1	-0.767021	0.019465	0.588157	
-1	2.81899e-05	2.11163e-05	-2.81808e-05	-1	0.00043239	2.11284e-05	0.000432389	1	-0.767012	0.0194821	0.589298	
-1	5.17264e-05	-0.000220684	-5.17315e-05	-1	2.31207e-05	-0.000220683	2.31321e-05	1	-0.767003	0.019498	0.590383	
-1	4.08143e-05	-0.000460161	-4.06446e-05	-1	-0.000368743	-0.000460176	-0.000368724	1	-0.766996	0.0195076	0.591412	
-1	3.33861e-05	-0.000687109	-3.28831e-05	-1	-0.000732031	-0.000687134	-0.000732008	0.999999	-0.766992	0.0195144	0.592384	
-1	3.327e-05	-0.000897628	-3.23154e-05	-0.999999	-0.00106352	-0.000897663	-0.00106349	0.999999	-0.766987	0.01952	0.593299	
-0.999999	3.89211e-05	-0.00109215	-3.74306e-05	-0.999999	-0.00136476	-0.00109221	-0.00136472	0.999998	-0.766984	0.0195245	0.594157	
-0.999999	4.90944e-05	-0.00127118	-4.70131e-05	-0.999999	-0.00163729	-0.00127126	-0.00163723	0.999998	-0.766981	0.019528	0.594961	
-0.999999	6.27901e-05	-0.00143526	-6.0088e-05	-0.999998	-0.0018826	-0.00143538	-0.00188251	0.999997	-0.766979	0.0195307	0.595711	
-0.999999	7.92075e-05	-0.00158496	-7.58756e-05	-0.999998	-0.00210216	-0.00158512	-0.00210204	0.999997	-0.766977	0.0195328	0.59641	
