0.997833	0.0527789	-0.0392799	-0.0621733	0.951719	-0.300608	0.0215177	0.302399	0.952939	0.216556	0.626059	1.13832	
0.995143	0.0580905	-0.0794777	-0.0803413	0.945795	-0.31467	0.0568903	0.319527	0.945868	0.227199	0.650631	1.13314	
0.990972	0.0627416	-0.118483	-0.0990349	0.938255	-0.331467	0.0903704	0.340208	0.935998	0.23628	0.676501	1.12932	
0.985505	0.0666627	-0.156	-0.118367	0.928935	-0.350811	0.121528	0.364191	0.923361	0.243643	0.703541	1.12688	
0.978956	0.0698231	-0.191756	-0.138413	0.917659	-0.372483	0.149959	0.391186	0.908012	0.249141	0.731607	1.12581	
0.971559	0.0722344	-0.22551	-0.159201	0.904241	-0.396237	0.175294	0.420869	0.890023	0.252642	0.760539	1.12613	
0.965624	0.111572	-0.234779	-0.189985	0.919367	-0.344484	0.177413	0.377247	0.90896	0.265679	0.762186	1.10979	
0.9589	0.153654	-0.238539	-0.22212	0.929609	-0.294092	0.17656	0.334989	0.925532	0.277397	0.763973	1.09464	
0.95124	0.197802	-0.236678	-0.255573	0.935041	-0.245726	0.172699	0.294233	0.940001	0.287735	0.766052	1.08064	
0.942475	0.243347	-0.229181	-0.290269	0.935803	-0.200043	0.165789	0.255059	0.952606	0.296662	0.768571	1.06772	
0.932417	0.289631	-0.21613	-0.326082	0.932098	-0.157681	0.155785	0.217501	0.963548	0.304171	0.771675	1.05585	
0.92087	0.336027	-0.197697	-0.362839	0.92419	-0.11925	0.142638	0.181546	0.972983	0.31028	0.775502	1.04499	
0.907632	0.381941	-0.174142	-0.400316	0.912397	-0.0853204	0.126299	0.147151	0.981017	0.315028	0.780178	1.03511	
0.892501	0.426828	-0.145805	-0.438237	0.897088	-0.0564115	0.106722	0.114244	0.987704	0.318478	0.785816	1.0262	
0.875287	0.470194	-0.113097	-0.476276	0.878677	-0.0329844	0.0838669	0.0827364	0.993036	0.320713	0.792513	1.01826	
0.855811	0.511602	-0.0764952	-0.51406	0.857615	-0.0154308	0.057709	0.052529	0.996951	0.321833	0.800351	1.0113	
0.833916	0.550682	-0.0365282	-0.551169	0.834384	-0.00406516	0.0282399	0.0235232	0.999324	0.321951	0.809389	1.00534	
0.809471	0.587127	0.00623029	-0.587143	0.809483	0.000883333	-0.00452468	-0.0043731	0.99998	0.321196	0.819663	1.00043	
0.782376	0.620701	0.0511733	-0.621486	0.783425	-0.000723015	-0.0405392	-0.0312378	0.99869	0.319704	0.831189	0.996596	
0.752566	0.651233	0.0976713	-0.653673	0.756724	-0.00892503	-0.0797225	-0.0571284	0.995179	0.317618	0.843955	0.993907	
0.720015	0.678623	0.145083	-0.683159	0.729887	-0.0236628	-0.121952	-0.0820769	0.989137	0.315087	0.857924	0.992424	
0.684739	0.702833	0.192765	-0.709383	0.7034	-0.0447736	-0.167059	-0.106086	0.980223	0.31226	0.873033	0.992217	
0.646796	0.723889	0.240083	-0.731782	0.677726	-0.0719909	-0.214824	-0.129125	0.968079	0.309283	0.889191	0.993356	
0.60629	0.741873	0.286423	-0.749802	0.653287	-0.104946	-0.264972	-0.151133	0.952338	0.306301	0.906282	0.995914	
0.563367	0.75692	0.331195	-0.762901	0.630464	-0.143169	-0.317174	-0.172013	0.932637	0.303451	0.924166	0.999959	
0.51822	0.769211	0.373849	-0.77057	0.609582	-0.186097	-0.37104	-0.191638	0.908628	0.30086	0.942677	1.00555	
0.471081	0.778967	0.413876	-0.772336	0.590908	-0.233077	-0.426122	-0.209853	0.87999	0.298647	0.96163	1.01275	
0.422224	0.786443	0.450816	-0.767778	0.574644	-0.283376	-0.481918	-0.226479	0.846441	0.296917	0.980817	1.02159	
0.371957	0.791918	0.484267	-0.756535	0.560921	-0.336188	-0.537869	-0.241317	0.807752	0.295761	1.00001	1.03211	
0.320623	0.795691	0.513884	-0.738318	0.5498	-0.390649	-0.593369	-0.254158	0.763751	0.295257	1.01899	1.0443	
0.268593	0.798073	0.539386	-0.712918	0.541265	-0.445847	-0.647769	-0.264787	0.714341	0.295465	1.03749	1.05816	
0.21626	0.799379	0.560558	-0.680217	0.535229	-0.500835	-0.700383	-0.27299	0.6595	0.296429	1.05526	1.07366	
0.164037	0.799922	0.577249	-0.64019	0.531531	-0.554645	-0.750499	-0.278567	0.599293	0.298176	1.07205	1.09073	
0.112348	0.800007	0.589378	-0.592917	0.529942	-0.606309	-0.797388	-0.281335	0.533876	0.300718	1.0876	1.1093	
0.0616257	0.799926	0.596926	-0.538584	0.53017	-0.654865	-0.840315	-0.281138	0.463499	0.304047	1.10166	1.12927	
0.0123036	0.799949	0.599941	-0.477484	0.531861	-0.69938	-0.878554	-0.277857	0.388507	0.308142	1.11399	1.15049	
-0.0351891	0.800326	0.598532	-0.410022	0.534615	-0.738965	-0.911397	-0.271415	0.309338	0.312963	1.12438	1.17282	
-0.0804333	0.801275	0.592865	-0.336709	0.537986	-0.772786	-0.938167	-0.261781	0.226525	0.31846	1.1326	1.19607	
-0.03945	0.759295	0.649549	-0.328571	0.604049	-0.726063	-0.943655	-0.242066	0.225652	0.287088	1.14424	1.21134	
0.00327765	0.713007	0.70115	-0.320157	0.664996	-0.674745	-0.947359	-0.222266	0.230453	0.255405	1.15294	1.22541	
0.0478368	0.663097	0.747004	-0.311238	0.720523	-0.619659	-0.949127	-0.202853	0.240848	0.223729	1.15882	1.23817	
0.0942546	0.61031	0.786535	-0.301581	0.770434	-0.561676	-0.94877	-0.184263	0.256675	0.192363	1.16205	1.24956	
0.142493	0.555431	0.819263	-0.29096	0.814645	-0.501693	-0.946064	-0.166885	0.27769	0.161592	1.16283	1.25952	
0.192448	0.499268	0.844805	-0.279174	0.853179	-0.440621	-0.940758	-0.151051	0.303575	0.131681	1.16138	1.26803	
0.243944	0.442638	0.862881	-0.266052	0.886169	-0.379369	-0.932581	-0.137027	0.333941	0.102868	1.15792	1.27509	
0.296744	0.386347	0.873315	-0.251471	0.913844	-0.318829	-0.921252	-0.125003	0.368333	0.0753669	1.15269	1.28074	
0.350543	0.331177	0.876038	-0.235362	0.936523	-0.259863	-0.90649	-0.115093	0.406238	0.0493631	1.14596	1.28503	
0.40498	0.277867	0.87108	-0.217721	0.954605	-0.203288	-0.888025	-0.107325	0.447094	0.0250111	1.13798	1.28804	
0.459647	0.227103	0.858574	-0.198615	0.968552	-0.149863	-0.865608	-0.101642	0.490298	0.00243569	1.129	1.28988	
0.514091	0.179503	0.838743	-0.178187	0.978874	-0.100276	-0.839023	-0.0979021	0.535216	-0.0182691	1.11928	1.29066	
0.56783	0.135606	0.811899	-0.156658	0.986113	-0.0551386	-0.808101	-0.0958814	0.581188	-0.0370394	1.10905	1.29052	
0.620363	0.0958652	0.778434	-0.134327	0.990824	-0.0149709	-0.772726	-0.0952774	0.627548	-0.0538404	1.09854	1.28963	
0.671181	0.0606431	0.738808	-0.111567	0.99356	0.0198011	-0.732849	-0.0957168	0.673625	-0.0686654	1.08796	1.28813	
0.71978	0.0302052	0.693545	-0.0888205	0.994849	0.0488529	-0.688496	-0.0967643	0.718755	-0.0815335	1.0775	1.2862	
0.765672	0.00472075	0.643213	-0.0665903	0.995182	0.0719643	-0.639774	-0.0979329	0.762298	-0.0924876	1.06732	1.28403	
0.808399	-0.0157356	0.588424	-0.0454297	0.994993	0.0890211	-0.586879	-0.0986965	0.803637	-0.101592	1.05757	1.2818	
0.847541	-0.0311804	0.529813	-0.0259285	0.994648	0.100014	-0.530096	-0.0985036	0.842196	-0.108929	1.04836	1.27968	
0.882726	-0.041715	0.468034	-0.00869918	0.99443	0.105039	-0.469808	-0.0967919	0.877446	-0.114597	1.03977	1.27785	
0.913638	-0.0475179	0.403741	0.00563996	0.994531	0.104288	-0.406489	-0.0930041	0.90891	-0.118706	1.03185	1.27648	
0.940027	-0.0488347	0.337586	0.0164818	0.995045	0.0980473	-0.340701	-0.0866031	0.936174	-0.121375	1.02465	1.27574	
0.961706	-0.0459673	0.270202	0.0232482	0.995964	0.0866902	-0.273097	-0.0770887	0.958893	-0.12273	1.01814	1.27576	
0.978557	-0.0392624	0.202199	0.025408	0.997176	0.070665	-0.204402	-0.0640122	0.976792	-0.122898	1.01231	1.2767	
0.990534	-0.029099	0.134149	0.0224946	0.998471	0.0504871	-0.135413	-0.0469916	0.989674	-0.122007	1.00709	1.27865	
0.997654	-0.0158759	0.0665876	0.0141221	0.999543	0.0267274	-0.0669815	-0.0257244	0.997423	-0.120181	1.00242	1.28173	
1	-1.80344e-07	1.35521e-08	1.80344e-07	1	2.44719e-08	-1.35521e-08	-2.44719e-08	1	-0.11754	0.9982	1.286	
