0.997833	-0.0527789	0.0392799	-0.0621733	-0.951719	0.300608	0.0215177	-0.302399	-0.952939	0.214985	0.614034	1.17644	
0.995143	-0.0580905	0.0794777	-0.0803413	-0.945795	0.31467	0.0568903	-0.319527	-0.945868	0.224019	0.638045	1.17097	
0.990972	-0.0627416	0.118483	-0.0990349	-0.938255	0.331467	0.0903704	-0.340208	-0.935998	0.231541	0.663243	1.16676	
0.985505	-0.0666627	0.156	-0.118367	-0.928935	0.350811	0.121528	-0.364191	-0.923361	0.237403	0.689509	1.16381	
