-1	-2.26181e-07	8.57747e-06	-2.26172e-07	1	1.0759e-06	-8.57747e-06	1.0759e-06	-1	-0.783369	0.0193998	0.5212	
-1	-3.86746e-06	8.28955e-05	-3.86662e-06	1	1.02105e-05	-8.28955e-05	1.02102e-05	-1	-0.783366	0.0193959	0.522023	
-1	-6.63914e-06	0.00013942	-6.63675e-06	1	1.71572e-05	-0.00013942	1.71563e-05	-1	-0.783364	0.0193929	0.523941	
-1	-8.6973e-06	0.000181317	-8.69325e-06	1	2.23063e-05	-0.000181317	2.23048e-05	-1	-0.783362	0.0193907	0.526702	
-1	-1.01716e-05	0.000211235	-1.01662e-05	1	2.59842e-05	-0.000211236	2.5982e-05	-1	-0.78336	0.0193892	0.530098	
-1	-1.11702e-05	0.000231394	-1.11636e-05	1	2.84631e-05	-0.000231394	2.84606e-05	-1	-0.783359	0.0193881	0.533958	
-1	-1.17827e-05	0.000243643	-1.17754e-05	1	2.99706e-05	-0.000243644	2.99677e-05	-1	-0.783358	0.0193874	0.538143	
-1	-1.20843e-05	0.000249529	-1.20766e-05	1	3.0696e-05	-0.000249529	3.06929e-05	-1	-0.783358	0.0193871	0.542537	
-1	-1.21372e-05	0.000250337	-1.21295e-05	1	3.07971e-05	-0.000250337	3.0794e-05	-1	-0.783358	0.0193869	0.54705	
-1	-1.19933e-05	0.000247135	-1.19858e-05	1	3.04051e-05	-0.000247136	3.04021e-05	-1	-0.783359	0.019387	0.551606	
-1	-1.16957e-05	0.00024081	-1.16885e-05	1	2.96286e-05	-0.000240811	2.96258e-05	-1	-0.78336	0.0193872	0.556147	
-1	-1.128e-05	0.000232095	-1.12733e-05	1	2.85577e-05	-0.000232095	2.85551e-05	-1	-0.783361	0.0193875	0.560624	
-1	-1.07757e-05	0.000221592	-1.07696e-05	1	2.72665e-05	-0.000221592	2.72641e-05	-1	-0.783362	0.0193879	0.565002	
-1	-1.02071e-05	0.000209797	-1.02017e-05	1	2.5816e-05	-0.000209798	2.58139e-05	-1	-0.783364	0.0193883	0.569252	
-1	-9.5941e-06	0.000197117	-9.58932e-06	1	2.42561e-05	-0.000197117	2.42542e-05	-1	-0.783366	0.0193888	0.573354	
-1	-8.95293e-06	0.000183881	-8.94877e-06	1	2.26274e-05	-0.000183881	2.26257e-05	-1	-0.783367	0.0193894	0.577293	
-1	-8.29676e-06	0.000170356	-8.29318e-06	1	2.09627e-05	-0.000170356	2.09613e-05	-1	-0.783369	0.0193899	0.581058	
-1	-7.63616e-06	0.000156756	-7.63314e-06	1	1.92886e-05	-0.000156756	1.92874e-05	-1	-0.783371	0.0193905	0.584643	
-1	-6.9796e-06	0.000143251	-6.97708e-06	1	1.76259e-05	-0.000143251	1.76249e-05	-1	-0.783373	0.0193911	0.588045	
-1	-6.33374e-06	0.000129975	-6.33166e-06	1	1.59914e-05	-0.000129975	1.59906e-05	-1	-0.783374	0.0193917	0.591262	
-1	-5.70374e-06	0.000117032	-5.70205e-06	1	1.43977e-05	-0.000117033	1.4397e-05	-1	-0.783376	0.0193923	0.594297	
-1	-5.09355e-06	0.000104502	-5.09221e-06	1	1.28547e-05	-0.000104502	1.28542e-05	-1	-0.783377	0.0193929	0.597151	
-1	-4.50609e-06	9.2441e-05	-4.50504e-06	1	1.13696e-05	-9.24411e-05	1.13691e-05	-1	-0.783378	0.0193935	0.599829	
-1	-3.94345e-06	8.08919e-05	-3.94265e-06	1	9.94742e-06	-8.0892e-05	9.9471e-06	-1	-0.783379	0.0193941	0.602336	
-1	-3.40703e-06	6.98821e-05	-3.40643e-06	1	8.59171e-06	-6.98821e-05	8.59147e-06	-1	-0.78338	0.0193947	0.604677	
-1	-2.89767e-06	5.94278e-05	-2.89724e-06	1	7.30448e-06	-5.94278e-05	7.3043e-06	-1	-0.783381	0.0193952	0.606859	
-1	-2.41577e-06	4.95366e-05	-2.41546e-06	1	6.08664e-06	-4.95367e-05	6.08652e-06	-1	-0.783381	0.0193958	0.608889	
-1	-1.96134e-06	4.02087e-05	-1.96114e-06	1	4.93824e-06	-4.02087e-05	4.93816e-06	-1	-0.783382	0.0193963	0.610772	
-0.999998	-0.00171194	0.000753719	-0.00171232	0.999998	-0.000501148	-0.000752859	-0.000502437	-1	-0.783425	0.0194276	0.61199	
-0.999966	-0.0076436	0.0029711	-0.0076494	0.999969	-0.00194527	-0.00295614	-0.00196793	-0.999994	-0.783574	0.0194824	0.611939	
-0.999896	-0.0135334	0.00497364	-0.0135495	0.999903	-0.00321628	-0.00492963	-0.00328334	-0.999982	-0.783722	0.0195222	0.611893	
-0.999792	-0.019243	0.00679315	-0.0192729	0.999805	-0.00436417	-0.00670784	-0.00449419	-0.999967	-0.783866	0.01956	0.611851	
-0.999659	-0.024715	0.00844378	-0.0247611	0.999679	-0.00539596	-0.00830771	-0.0056032	-0.99995	-0.784004	0.0195953	0.611814	
-0.999505	-0.0298632	0.00994333	-0.0299269	0.999532	-0.00632272	-0.00974986	-0.00661716	-0.999931	-0.784134	0.0196301	0.611779	
-0.999366	-0.0337363	0.0113974	-0.0338199	0.999402	-0.00722641	-0.0111468	-0.00760729	-0.999909	-0.784237	0.0197054	0.611744	
-0.999262	-0.0362061	0.0128422	-0.0363123	0.999307	-0.00813704	-0.0125387	-0.00859737	-0.999884	-0.784306	0.0198296	0.611709	
-0.999193	-0.0375412	0.0142773	-0.0376727	0.999249	-0.00905502	-0.0139267	-0.00958558	-0.999857	-0.78434	0.0199943	0.611674	
-0.99915	-0.038133	0.0156859	-0.0382921	0.999217	-0.00997125	-0.0152933	-0.0105634	-0.999827	-0.784354	0.020187	0.611624	
-0.999131	-0.0380246	0.0170771	-0.0382138	0.99921	-0.0108907	-0.0166495	-0.0115339	-0.999795	-0.784342	0.020405	0.611568	
-0.999134	-0.0372998	0.0184592	-0.0375216	0.999226	-0.0118168	-0.0180042	-0.0124991	-0.99976	-0.7843	0.020645	0.611512	
-0.999152	-0.0360955	0.0198326	-0.0363524	0.999258	-0.0127484	-0.0193578	-0.0134585	-0.999722	-0.78423	0.0209022	0.611456	
-0.999179	-0.0345247	0.021198	-0.0348192	0.9993	-0.0136845	-0.0207107	-0.0144114	-0.999682	-0.784133	0.0211727	0.6114	
-0.999211	-0.0326808	0.022556	-0.0330154	0.999348	-0.0146241	-0.0220634	-0.0153572	-0.999639	-0.78401	0.0214532	0.611344	
-0.999245	-0.0306403	0.0239073	-0.0310175	0.999398	-0.015566	-0.0234159	-0.0162958	-0.999593	-0.783863	0.0217407	0.611287	
-0.999276	-0.0284661	0.0252524	-0.0288881	0.999446	-0.0165093	-0.0247685	-0.0172269	-0.999545	-0.783692	0.022033	0.611231	
-0.999303	-0.0262089	0.0265921	-0.0266783	0.999492	-0.017453	-0.0261211	-0.0181502	-0.999494	-0.783499	0.022328	0.611175	
-0.999324	-0.02391	0.0279269	-0.0244291	0.999532	-0.018396	-0.027474	-0.0190658	-0.999441	-0.783286	0.022624	0.611119	
-0.999338	-0.0216025	0.0292573	-0.0221736	0.999567	-0.0193375	-0.0288269	-0.0199735	-0.999385	-0.783053	0.0229199	0.611063	
-0.999346	-0.0193127	0.030584	-0.0199381	0.999596	-0.0202768	-0.03018	-0.0208733	-0.999327	-0.782802	0.0232144	0.611007	
-0.999345	-0.0170611	0.0319074	-0.017743	0.999618	-0.0212131	-0.0315332	-0.0217653	-0.999266	-0.782533	0.0235067	0.610951	
-0.999337	-0.0148637	0.0332278	-0.0156044	0.999633	-0.0221457	-0.0328865	-0.0226495	-0.999202	-0.782249	0.023796	0.610895	
-0.999322	-0.0127326	0.0345458	-0.0135343	0.999642	-0.0230741	-0.0342397	-0.023526	-0.999137	-0.781949	0.024082	0.610839	
-0.9993	-0.0106766	0.0358617	-0.0115415	0.999645	-0.0239978	-0.0355928	-0.0243949	-0.999069	-0.781636	0.024364	0.610783	
-0.999271	-0.00870205	0.0371757	-0.00963225	0.999643	-0.0249163	-0.0369457	-0.0252562	-0.998998	-0.781309	0.0246419	0.610727	
-0.999236	-0.00681306	0.0384882	-0.00781067	0.999636	-0.0258293	-0.0382983	-0.0261101	-0.998925	-0.780971	0.0249154	0.610672	
-0.999195	-0.005012	0.0397994	-0.0060791	0.999624	-0.0267363	-0.0396505	-0.0269567	-0.99885	-0.780621	0.0251844	0.610616	
-0.999149	-0.00329988	0.0411096	-0.00443851	0.999608	-0.0276371	-0.0410022	-0.0277961	-0.998772	-0.780261	0.0254487	0.610561	
-0.999099	-0.00167656	0.0424187	-0.00288874	0.999589	-0.0285315	-0.0423535	-0.0286283	-0.998692	-0.779891	0.0257083	0.610506	
-0.999044	-0.000141024	0.0437272	-0.00142875	0.999566	-0.0294192	-0.043704	-0.0294535	-0.99861	-0.779512	0.0259634	0.610451	
-0.998985	0.00130844	0.0450349	-5.67786e-05	0.999541	-0.0303001	-0.0450539	-0.0302719	-0.998526	-0.779126	0.0262138	0.610396	
-0.998922	0.00267409	0.0463422	0.00122944	0.999513	-0.031174	-0.046403	-0.0310834	-0.998439	-0.778732	0.0264596	0.610341	
-0.998856	0.00395856	0.0476489	0.00243258	0.999484	-0.0320409	-0.0477512	-0.0318883	-0.99835	-0.778331	0.0267011	0.610287	
-0.998788	0.0051648	0.0489553	0.00355563	0.999452	-0.0329006	-0.0490984	-0.0326866	-0.998259	-0.777924	0.0269381	0.610233	
-0.998716	0.00629596	0.0502613	0.00460175	0.99942	-0.033753	-0.0504446	-0.0334784	-0.998166	-0.777511	0.027171	0.610179	
-0.998642	0.00735532	0.051567	0.00557425	0.999386	-0.0345982	-0.0517898	-0.0342638	-0.99807	-0.777094	0.0273997	0.610125	
-0.998566	0.00834622	0.0528724	0.0064765	0.999351	-0.0354361	-0.0531338	-0.0350429	-0.997972	-0.776671	0.0276245	0.610072	
-0.998488	0.00927203	0.0541775	0.0073119	0.999315	-0.0362667	-0.0544767	-0.0358157	-0.997873	-0.776245	0.0278454	0.610019	
-0.998408	0.0101361	0.0554823	0.00808385	0.999279	-0.0370899	-0.0558182	-0.0365824	-0.997771	-0.775815	0.0280626	0.609966	
-0.998326	0.0109418	0.0567867	0.00879567	0.999243	-0.0379059	-0.0571585	-0.037343	-0.997666	-0.775382	0.0282763	0.609914	
-0.998243	0.0116923	0.0580909	0.00945064	0.999206	-0.0387146	-0.0584974	-0.0380976	-0.99756	-0.774946	0.0284865	0.609862	
-0.998158	0.0123908	0.0593947	0.0100519	0.999168	-0.039516	-0.0598349	-0.0388462	-0.997452	-0.774507	0.0286934	0.609811	
-0.998071	0.0130403	0.0606981	0.0106027	0.999131	-0.0403103	-0.061171	-0.0395889	-0.997342	-0.774066	0.0288972	0.60976	
-0.997983	0.0136438	0.0620012	0.0111058	0.999093	-0.0410973	-0.0625057	-0.0403258	-0.99723	-0.773623	0.0290979	0.609709	
-0.997893	0.0142042	0.0633037	0.0115641	0.999056	-0.0418772	-0.0638388	-0.0410569	-0.997115	-0.773178	0.0292957	0.609659	
-0.997802	0.0147241	0.0646058	0.0119805	0.999018	-0.0426501	-0.0651704	-0.0417823	-0.996999	-0.772732	0.0294908	0.609609	
-0.99771	0.0152061	0.0659074	0.0123575	0.998981	-0.0434159	-0.0665004	-0.042502	-0.996881	-0.772285	0.0296831	0.60956	
-0.997616	0.0156527	0.0672084	0.0126975	0.998943	-0.0441747	-0.0678288	-0.043216	-0.996761	-0.771837	0.0298728	0.609511	
-0.997521	0.0160663	0.0685087	0.0130031	0.998906	-0.0449266	-0.0691556	-0.0439244	-0.996638	-0.771388	0.0300601	0.609463	
-0.997425	0.0164487	0.0698065	0.0132761	0.998868	-0.0456714	-0.0704787	-0.044627	-0.996515	-0.77094	0.0302449	0.609415	
-0.997328	0.016802	0.0711002	0.0135188	0.998831	-0.0464091	-0.0717969	-0.0453239	-0.996389	-0.770492	0.0304274	0.609368	
-0.997229	0.0171282	0.0723898	0.0137332	0.998794	-0.0471397	-0.0731099	-0.046015	-0.996262	-0.770045	0.0306075	0.609321	
-0.99713	0.0174292	0.0736749	0.0139211	0.998757	-0.0478633	-0.0744176	-0.0467003	-0.996133	-0.769599	0.0307854	0.609274	
-0.99703	0.0177067	0.0749558	0.0140845	0.99872	-0.0485799	-0.0757201	-0.0473799	-0.996003	-0.769155	0.0309611	0.609227	
-0.996928	0.0179629	0.076235	0.0142253	0.998683	-0.0492899	-0.07702	-0.048054	-0.995871	-0.76871	0.0311349	0.609181	
-0.996851	0.0181854	0.0771805	0.0143458	0.998645	-0.0500152	-0.0779855	-0.0487505	-0.995762	-0.76831	0.0313102	0.609138	
-0.996879	0.0183314	0.0767914	0.014449	0.998604	-0.0508115	-0.0776156	-0.0495433	-0.995752	-0.768084	0.0314948	0.60911	
-0.996993	0.0184066	0.0752753	0.0145361	0.99856	-0.0516464	-0.0761175	-0.0503969	-0.995824	-0.768008	0.0316822	0.609094	
-0.99717	0.0184205	0.0728903	0.0146086	0.998515	-0.0524885	-0.0737489	-0.0512751	-0.995958	-0.768049	0.031866	0.609089	
-0.997388	0.0183814	0.0698504	0.0146677	0.99847	-0.0533128	-0.0707235	-0.052149	-0.996132	-0.768181	0.0320412	0.609092	
-0.99763	0.0182971	0.0663323	0.0147146	0.998427	-0.0541	-0.0672178	-0.0529957	-0.99633	-0.768381	0.0322041	0.6091	
-0.997881	0.0181747	0.0624812	0.0147504	0.998386	-0.0548349	-0.063377	-0.0537971	-0.996539	-0.768631	0.0323514	0.609113	
-0.99813	0.0180204	0.0584159	0.0147758	0.998349	-0.0555065	-0.0593197	-0.0545395	-0.996748	-0.768918	0.0324812	0.609129	
-0.998369	0.01784	0.0542327	0.0147912	0.998315	-0.0561064	-0.0551423	-0.0552127	-0.996951	-0.769227	0.0325917	0.609148	
-0.998593	0.0176384	0.0500094	0.014797	0.998286	-0.0566289	-0.0509225	-0.0558093	-0.997142	-0.769551	0.0326819	0.609168	
-0.998798	0.01742	0.0458077	0.0147932	0.998261	-0.0570704	-0.0467222	-0.0563242	-0.997319	-0.769881	0.0327513	0.609189	
-0.998983	0.0171887	0.0416764	0.01478	0.99824	-0.0574288	-0.0425902	-0.0567544	-0.997479	-0.770211	0.0327997	0.609211	
-0.999147	0.0169476	0.0376532	0.0147573	0.998225	-0.0577035	-0.0385643	-0.0570986	-0.997623	-0.770535	0.032827	0.609234	
-0.99929	0.0166994	0.0337667	0.0147251	0.998214	-0.0578949	-0.0346732	-0.0573566	-0.997751	-0.77085	0.0328337	0.609258	
-0.999413	0.0164466	0.0300379	0.0146834	0.998208	-0.0580045	-0.0309381	-0.0575294	-0.997864	-0.771153	0.0328203	0.609283	
-0.999518	0.0161908	0.0264817	0.014632	0.998207	-0.0580343	-0.0273738	-0.0576188	-0.997963	-0.771442	0.0327874	0.609308	
-0.999606	0.0159338	0.0231076	0.0145711	0.998211	-0.0579869	-0.0239903	-0.0576274	-0.99805	-0.771714	0.0327359	0.609334	
-0.999679	0.0156768	0.0199214	0.0145008	0.998219	-0.0578655	-0.0207931	-0.057558	-0.998126	-0.771969	0.0326667	0.609361	
-0.999738	0.0154207	0.0169253	0.014421	0.998231	-0.0576734	-0.0177847	-0.0574142	-0.998192	-0.772206	0.0325809	0.609388	
-0.999785	0.0151662	0.0141188	0.0143321	0.998248	-0.0574142	-0.0149649	-0.0571996	-0.998251	-0.772425	0.0324793	0.609417	
-0.999823	0.0149141	0.0114995	0.0142342	0.998267	-0.0570919	-0.012331	-0.056918	-0.998303	-0.772625	0.0323632	0.609447	
-0.999851	0.0146646	0.00906311	0.0141277	0.998291	-0.0567101	-0.00987925	-0.0565737	-0.99835	-0.772806	0.0322335	0.609478	
-0.999873	0.0144182	0.00680427	0.0140128	0.998317	-0.0562729	-0.00760418	-0.0561704	-0.998392	-0.772969	0.0320915	0.60951	
-0.999888	0.0141749	0.00471663	0.0138899	0.998346	-0.0557842	-0.00549957	-0.0557125	-0.998432	-0.773114	0.031938	0.609544	
-0.999899	0.0139349	0.00279318	0.0137594	0.998378	-0.0552479	-0.00355852	-0.0552039	-0.998469	-0.773242	0.0317743	0.609578	
-0.999906	0.0136984	0.00102644	0.0136218	0.998412	-0.0546676	-0.00177367	-0.0546485	-0.998504	-0.773353	0.0316013	0.609614	
-0.999909	0.0134652	-0.000591313	0.0134774	0.998447	-0.0540472	-0.000137359	-0.0540502	-0.998538	-0.773448	0.03142	0.609651	
-0.99991	0.0132353	-0.00206796	0.0133268	0.998485	-0.05339	0.0013582	-0.0534128	-0.998572	-0.773527	0.0312313	0.609689	
-0.99991	0.0130087	-0.0034114	0.0131705	0.998524	-0.0526997	0.00272081	-0.0527398	-0.998605	-0.773591	0.0310362	0.609729	
-0.999908	0.0127853	-0.00462945	0.0130088	0.998563	-0.0519793	0.00395823	-0.0520347	-0.998637	-0.773641	0.0308354	0.60977	
-0.999905	0.0125651	-0.0057298	0.0128423	0.998604	-0.0512321	0.00507807	-0.0513008	-0.99867	-0.773678	0.0306299	0.609812	
-0.999901	0.0123478	-0.00671995	0.0126714	0.998646	-0.0504609	0.00608776	-0.050541	-0.998703	-0.773702	0.0304202	0.609855	
-0.999897	0.0121335	-0.00760714	0.0124967	0.998688	-0.0496684	0.0069945	-0.0497584	-0.998737	-0.773714	0.0302072	0.609899	
-0.999894	0.011922	-0.00839838	0.0123185	0.99873	-0.0488574	0.00780524	-0.0489557	-0.99877	-0.773714	0.0299915	0.609944	
-0.99989	0.0117132	-0.00910038	0.0121372	0.998772	-0.0480302	0.00852662	-0.0481354	-0.998804	-0.773704	0.0297737	0.609991	
-0.999887	0.011507	-0.00971955	0.0119533	0.998814	-0.0471891	0.00916502	-0.0472999	-0.998839	-0.773685	0.0295543	0.610038	
-0.999883	0.0113033	-0.010262	0.0117672	0.998857	-0.0463361	0.00972651	-0.0464515	-0.998873	-0.773655	0.0293338	0.610087	
-0.999881	0.0111021	-0.0107335	0.0115793	0.998898	-0.0454732	0.0102169	-0.0455921	-0.998908	-0.773618	0.0291127	0.610137	
-0.999879	0.0109032	-0.0111396	0.0113899	0.99894	-0.0446022	0.0106415	-0.0447237	-0.998943	-0.773572	0.0288914	0.610187	
-0.999877	0.0107066	-0.0114855	0.0111992	0.998981	-0.0437247	0.0110057	-0.043848	-0.998978	-0.773519	0.0286702	0.610239	
-0.999875	0.0105121	-0.0117761	0.0110077	0.999021	-0.0428423	0.0113142	-0.0429666	-0.999012	-0.773458	0.0284495	0.610291	
-0.999875	0.0103199	-0.0120159	0.0108157	0.999061	-0.0419562	0.0115716	-0.0420809	-0.999047	-0.773392	0.0282295	0.610345	
-0.999874	0.0101296	-0.0122094	0.0106233	0.9991	-0.0410677	0.0117824	-0.0411923	-0.999082	-0.77332	0.0280105	0.610399	
-0.999874	0.00994144	-0.0123605	0.0104308	0.999138	-0.040178	0.0119504	-0.0403019	-0.999116	-0.773242	0.0277928	0.610455	
-0.999875	0.0097552	-0.0124731	0.0102385	0.999175	-0.0392881	0.0120795	-0.0394109	-0.99915	-0.773159	0.0275765	0.610511	
-0.999875	0.00957087	-0.0125507	0.0100465	0.999212	-0.0383988	0.0121733	-0.0385201	-0.999184	-0.773072	0.0273618	0.610568	
-0.999877	0.00938841	-0.0125968	0.00985508	0.999248	-0.037511	0.0122351	-0.0376305	-0.999217	-0.772981	0.0271488	0.610626	
-0.999878	0.00920778	-0.0126143	0.00966435	0.999282	-0.0366254	0.012268	-0.0367428	-0.999249	-0.772886	0.0269377	0.610685	
-0.99988	0.00902893	-0.0126062	0.00947447	0.999316	-0.0357426	0.0122749	-0.0358578	-0.999282	-0.772788	0.0267284	0.610745	
-0.999882	0.00885183	-0.0125752	0.00928558	0.999349	-0.0348632	0.0122584	-0.0349759	-0.999313	-0.772687	0.0265212	0.610805	
-0.999884	0.00867645	-0.0125237	0.00909779	0.999381	-0.0339877	0.0122211	-0.0340977	-0.999344	-0.772583	0.026316	0.610867	
-0.999886	0.00850275	-0.0124542	0.0089112	0.999412	-0.0331165	0.0121653	-0.0332238	-0.999374	-0.772478	0.0261129	0.610929	
-0.999889	0.00833071	-0.0123687	0.00872592	0.999442	-0.03225	0.0120931	-0.0323544	-0.999403	-0.77237	0.0259118	0.610992	
-0.999891	0.00816029	-0.0122693	0.00854201	0.999471	-0.0313885	0.0120067	-0.0314899	-0.999432	-0.77226	0.0257129	0.611056	
-0.999894	0.00799147	-0.0121579	0.00835955	0.999499	-0.0305321	0.0119078	-0.0306305	-0.99946	-0.772149	0.0255161	0.611121	
-0.999897	0.00782421	-0.012036	0.00817859	0.999526	-0.0296812	0.0117981	-0.0297766	-0.999487	-0.772037	0.0253214	0.611187	
-0.9999	0.00765851	-0.0119055	0.00799919	0.999552	-0.0288359	0.0116793	-0.0289283	-0.999513	-0.771924	0.0251287	0.611254	
-0.999903	0.00749432	-0.0117676	0.00782137	0.999577	-0.0279963	0.0115528	-0.0280856	-0.999539	-0.77181	0.0249381	0.611321	
-0.999906	0.00733163	-0.0116237	0.00764517	0.999602	-0.0271626	0.0114199	-0.0272489	-0.999563	-0.771695	0.0247495	0.611389	
-0.999908	0.00717042	-0.0114752	0.00747061	0.999625	-0.0263347	0.011282	-0.026418	-0.999587	-0.771581	0.0245628	0.611459	
-0.999911	0.00701065	-0.011323	0.00729771	0.999648	-0.0255127	0.0111402	-0.0255931	-0.99961	-0.771466	0.024378	0.611529	
-0.999913	0.00691196	-0.011194	0.00718696	0.999669	-0.0247152	0.0110195	-0.0247935	-0.999632	-0.771361	0.0242001	0.611594	
-0.99991	0.00728023	-0.0112385	0.00754958	0.999681	-0.0241134	0.0110593	-0.0241961	-0.999646	-0.771339	0.0240736	0.611607	
-0.999909	0.00753169	-0.0112097	0.00779376	0.999693	-0.0235223	0.0110291	-0.0236076	-0.99966	-0.771297	0.0239481	0.611622	
-0.999909	0.00768719	-0.011122	0.0079408	0.999705	-0.0229414	0.0109423	-0.0230276	-0.999675	-0.77124	0.0238237	0.611637	
-0.999909	0.00779875	-0.011003	0.00804354	0.999717	-0.022381	0.0108254	-0.0224675	-0.999689	-0.771176	0.0237035	0.61165	
-0.99991	0.00786437	-0.0108533	0.00809999	0.999729	-0.0218389	0.0106786	-0.0219249	-0.999703	-0.771106	0.0235868	0.611661	
-0.999912	0.00788536	-0.0106756	0.00811155	0.99974	-0.0213123	0.0105048	-0.021397	-0.999716	-0.77103	0.0234731	0.611672	
-0.999914	0.0078688	-0.0104751	0.00808542	0.999751	-0.0208002	0.0103088	-0.0208832	-0.999729	-0.770949	0.0233622	0.611682	
-0.999917	0.00782083	-0.0102561	0.00802785	0.999762	-0.0203022	0.0100949	-0.0203829	-0.999741	-0.770863	0.0232541	0.611691	
-0.99992	0.00774677	-0.0100225	0.00794427	0.999772	-0.0198175	0.00986673	-0.0198955	-0.999753	-0.770774	0.0231486	0.611699	
-0.999923	0.00765125	-0.00977764	0.00783934	0.999782	-0.0193455	0.00962749	-0.0194207	-0.999765	-0.770683	0.0230458	0.611707	
-0.999926	0.00753824	-0.00952426	0.00771711	0.999792	-0.0188857	0.00937992	-0.0189578	-0.999776	-0.77059	0.0229456	0.611715	
-0.99993	0.00741118	-0.00926485	0.00758106	0.999801	-0.0184374	0.00912636	-0.0185064	-0.999787	-0.770496	0.0228478	0.611722	
-0.999933	0.00727302	-0.00900147	0.00743417	0.99981	-0.0180004	0.00886884	-0.0180661	-0.999797	-0.770401	0.0227524	0.611728	
-0.999936	0.0071263	-0.00873591	0.007279	0.999819	-0.0175741	0.00860909	-0.0176366	-0.999807	-0.770306	0.0226594	0.611735	
-0.99994	0.00697319	-0.00846967	0.00711774	0.999827	-0.0171581	0.00834856	-0.0172173	-0.999817	-0.770212	0.0225687	0.611741	
-0.999943	0.00681553	-0.00820405	0.00695224	0.999836	-0.016752	0.00808853	-0.0168081	-0.999826	-0.770117	0.0224801	0.611746	
-0.999946	0.00665489	-0.00794012	0.00678407	0.999843	-0.0163555	0.00783004	-0.0164085	-0.999835	-0.770024	0.0223938	0.611752	
-0.999949	0.00649259	-0.0076788	0.00661458	0.999851	-0.0159683	0.00757398	-0.0160183	-0.999843	-0.769931	0.0223095	0.611757	
-0.999952	0.00632977	-0.00742084	0.00644486	0.999858	-0.0155901	0.0073211	-0.0156371	-0.999851	-0.76984	0.0222272	0.611762	
-0.999955	0.00616734	-0.00716687	0.00627587	0.999864	-0.0152205	0.00707203	-0.0152648	-0.999858	-0.76975	0.0221469	0.611767	
-0.999958	0.00600609	-0.0069174	0.00610835	0.999871	-0.0148594	0.00682726	-0.014901	-0.999866	-0.769661	0.0220685	0.611771	
-0.999961	0.00584665	-0.00667286	0.00594296	0.999877	-0.0145064	0.00658722	-0.0145455	-0.999873	-0.769574	0.021992	0.611775	
-0.999963	0.00568955	-0.00643356	0.0057802	0.999883	-0.0141615	0.00635223	-0.0141981	-0.999879	-0.769489	0.0219173	0.61178	
-0.999965	0.0055352	-0.00619977	0.00562049	0.999889	-0.0138242	0.00612256	-0.0138586	-0.999885	-0.769405	0.0218443	0.611784	
-0.999968	0.00538395	-0.00597168	0.00546414	0.999894	-0.0134946	0.0058984	-0.0135268	-0.999891	-0.769324	0.021773	0.611788	
-0.99997	0.00523605	-0.00574944	0.00531142	0.999899	-0.0131722	0.00567989	-0.0132024	-0.999897	-0.769244	0.0217033	0.611792	
-0.999972	0.0050917	-0.00553313	0.0051625	0.999904	-0.0128571	0.00546713	-0.0128853	-0.999902	-0.769165	0.0216352	0.611795	
-0.999974	0.00495104	-0.00532281	0.00501751	0.999909	-0.012549	0.00526019	-0.0125754	-0.999907	-0.769089	0.0215687	0.611799	
-0.999975	0.00481415	-0.00511849	0.00487655	0.999913	-0.0122478	0.00505909	-0.0122724	-0.999912	-0.769015	0.0215037	0.611803	
-0.999977	0.00468111	-0.00492018	0.00473964	0.999917	-0.0119532	0.00486382	-0.0119762	-0.999916	-0.768942	0.0214401	0.611806	
-0.999978	0.00455192	-0.00472782	0.00460681	0.999921	-0.0116652	0.00467435	-0.0116867	-0.999921	-0.768872	0.021378	0.61181	
-0.99998	0.00442659	-0.00454138	0.00447805	0.999925	-0.0113836	0.00449065	-0.0114037	-0.999925	-0.768803	0.0213172	0.611813	
-0.999981	0.00430509	-0.00436077	0.00435331	0.999929	-0.0111083	0.00431263	-0.0111271	-0.999929	-0.768736	0.0212578	0.611816	
-0.999982	0.00418737	-0.0041859	0.00423254	0.999932	-0.0108391	0.00414023	-0.0108567	-0.999932	-0.768671	0.0211996	0.61182	
-0.999984	0.00407337	-0.00401669	0.00411566	0.999936	-0.010576	0.00397335	-0.0105923	-0.999936	-0.768608	0.0211428	0.611823	
-0.999985	0.00396302	-0.00385302	0.0040026	0.999939	-0.0103187	0.00381189	-0.010334	-0.999939	-0.768546	0.0210871	0.611826	
-0.999986	0.00385623	-0.00369477	0.00389326	0.999942	-0.0100672	0.00365573	-0.0100815	-0.999942	-0.768487	0.0210327	0.611829	
-0.999987	0.00375292	-0.00354182	0.00378755	0.999945	-0.00982141	0.00350477	-0.0098347	-0.999945	-0.768429	0.0209794	0.611832	
-0.999988	0.00365298	-0.00339405	0.00368535	0.999947	-0.00958113	0.00335887	-0.00959352	-0.999948	-0.768373	0.0209273	0.611835	
-0.999988	0.00355631	-0.00325133	0.00358656	0.99995	-0.00934629	0.00321793	-0.00935784	-0.999951	-0.768318	0.0208762	0.611838	
-0.999989	0.00346282	-0.00311352	0.00349108	0.999952	-0.00911677	0.0030818	-0.00912754	-0.999954	-0.768265	0.0208263	0.611841	
-0.99999	0.00337239	-0.00298049	0.00339878	0.999955	-0.00889247	0.00295036	-0.00890251	-0.999956	-0.768214	0.0207773	0.611844	
-0.999991	0.00328493	-0.0028521	0.00330955	0.999957	-0.00867329	0.00282349	-0.00868264	-0.999958	-0.768164	0.0207295	0.611846	
-0.999991	0.00320032	-0.00272823	0.00322329	0.999959	-0.00845912	0.00270105	-0.00846784	-0.99996	-0.768116	0.0206826	0.611849	
-0.999992	0.00311846	-0.00260875	0.00313989	0.999961	-0.00824986	0.00258292	-0.00825798	-0.999963	-0.768069	0.0206367	0.611852	
-0.999992	0.00303926	-0.0024935	0.00305923	0.999963	-0.00804542	0.00246896	-0.00805298	-0.999965	-0.768024	0.0205917	0.611855	
-0.999993	0.0029626	-0.00238238	0.00298121	0.999965	-0.0078457	0.00235905	-0.00785274	-0.999966	-0.76798	0.0205477	0.611857	
-0.999993	0.00288839	-0.00227524	0.00290572	0.999967	-0.0076506	0.00225307	-0.00765716	-0.999968	-0.767938	0.0205045	0.61186	
-0.999994	0.00281654	-0.00217197	0.00283267	0.999968	-0.00746003	0.00215089	-0.00746613	-0.99997	-0.767897	0.0204623	0.611862	
-0.999994	0.00274695	-0.00207244	0.00276196	0.99997	-0.0072739	0.0020524	-0.00727958	-0.999971	-0.767858	0.0204209	0.611865	
-0.999994	0.00267876	-0.00197616	0.00269272	0.999971	-0.0070919	0.0019571	-0.00709719	-0.999973	-0.767819	0.0203804	0.611867	
-0.999995	0.00260336	-0.00187914	0.00261629	0.999973	-0.0069112	0.0018611	-0.00691608	-0.999974	-0.76778	0.0203398	0.611871	
-0.999995	0.00252045	-0.00178166	0.00253239	0.999974	-0.00673077	0.00176465	-0.00673525	-0.999976	-0.76774	0.0202991	0.611875	
-0.999996	0.00243219	-0.00168506	0.00244318	0.999976	-0.0065504	0.00166909	-0.00655448	-0.999977	-0.767701	0.0202582	0.611881	
-0.999996	0.00234036	-0.00159043	0.00235045	0.999977	-0.0063699	0.00157549	-0.00637361	-0.999978	-0.767661	0.020217	0.611887	
-0.999996	0.0022464	-0.00149863	0.00225564	0.999978	-0.00618911	0.00148469	-0.00619247	-0.99998	-0.767622	0.0201756	0.611895	
-0.999997	0.00215146	-0.00141032	0.0021599	0.99998	-0.00600788	0.00139736	-0.0060109	-0.999981	-0.767583	0.020134	0.611903	
-0.999997	0.00205646	-0.00132602	0.00206415	0.999981	-0.00582604	0.00131402	-0.00582876	-0.999982	-0.767544	0.020092	0.611913	
-0.999997	0.00196214	-0.00124614	0.00196914	0.999982	-0.00564349	0.00123504	-0.00564593	-0.999983	-0.767507	0.0200498	0.611924	
-0.999998	0.00186906	-0.00117094	0.00187542	0.999983	-0.00546008	0.00116071	-0.00546227	-0.999984	-0.76747	0.0200072	0.611935	
-0.999998	0.00177765	-0.00110064	0.00178343	0.999984	-0.00527572	0.00109124	-0.00527767	-0.999985	-0.767434	0.0199643	0.611948	
-0.999998	0.00168824	-0.00103537	0.00169349	0.999986	-0.00509029	0.00102676	-0.00509203	-0.999987	-0.767399	0.0199211	0.611962	
-0.999998	0.00160107	-0.000975204	0.00160583	0.999987	-0.00490369	0.00096734	-0.00490525	-0.999988	-0.767365	0.0198775	0.611977	
-0.999998	0.00151629	-0.000920179	0.00152062	0.999988	-0.00471584	0.000913017	-0.00471723	-0.999988	-0.767332	0.0198335	0.611993	
-0.999999	0.00143401	-0.00087029	0.00143793	0.999989	-0.00452665	0.000863789	-0.00452789	-0.999989	-0.7673	0.0197891	0.61201	
-0.999999	0.00135426	-0.000825505	0.00135783	0.99999	-0.00433603	0.000819625	-0.00433715	-0.99999	-0.767269	0.0197443	0.612028	
-0.999999	0.00127707	-0.000785771	0.00128031	0.999991	-0.00414391	0.000780471	-0.00414492	-0.999991	-0.767239	0.0196991	0.612047	
-0.999999	0.00120241	-0.000751016	0.00120536	0.999991	-0.00395022	0.000746259	-0.00395112	-0.999992	-0.767209	0.0196534	0.612067	
-0.999999	0.00105254	-0.000715187	0.00105526	0.999992	-0.00380776	0.000711173	-0.00380851	-0.999992	-0.767187	0.0196206	0.612079	
-0.999999	0.000823344	-0.000668964	0.00082584	0.999993	-0.00373887	0.000665881	-0.00373942	-0.999993	-0.767174	0.0196062	0.612077	
-1	0.000638723	-0.000621138	0.000640993	0.999993	-0.00366056	0.000618795	-0.00366096	-0.999993	-0.767158	0.019589	0.612076	
-1	0.000491047	-0.000572806	0.000493091	0.999993	-0.00357415	0.000571047	-0.00357443	-0.999993	-0.767142	0.0195696	0.612076	
-1	0.000361024	-0.00052373	0.000362849	0.999994	-0.00348987	0.000522466	-0.00349006	-0.999994	-0.767125	0.0195504	0.612075	
-1	0.00024961	-0.000474283	0.000251224	0.999994	-0.00340632	0.00047343	-0.00340644	-0.999994	-0.767109	0.0195313	0.612074	
-1	0.000156121	-0.000425109	0.000157532	0.999994	-0.00332233	0.000424588	-0.0033224	-0.999994	-0.767092	0.0195118	0.612074	
-1	7.91402e-05	-0.000376684	8.03593e-05	0.999995	-0.00323749	0.000376426	-0.00323752	-0.999995	-0.767076	0.0194919	0.612073	
-1	4.52822e-06	-0.000392588	5.71352e-06	0.999995	-0.00301922	0.000392573	-0.00301923	-0.999995	-0.767054	0.0194401	0.612144	
-1	-0.000185993	-0.00089035	-0.00018438	0.999998	-0.00181137	0.000890685	-0.0018112	-0.999998	-0.766994	0.019153	0.612758	
-0.999998	-0.000484149	-0.00183497	-0.000484721	1	0.000311197	0.00183482	0.000312086	-0.999998	-0.766898	0.0186469	0.61388	
-0.999995	-0.000859123	-0.00311364	-0.00086882	0.999995	0.00311409	0.00311095	0.00311678	-0.99999	-0.766777	0.0179756	0.615385	
-0.999991	0.000976233	-0.0042385	0.000953627	0.999985	0.00533242	0.00424364	0.00532833	-0.999977	-0.766644	0.0175036	0.617078	
-0.999981	0.00370419	-0.00493547	0.0036755	0.999976	0.00580893	0.00495687	0.00579068	-0.999971	-0.766552	0.0175648	0.618789	
-0.999974	0.0042584	-0.00585057	0.0042205	0.99997	0.00647588	0.00587797	0.00645102	-0.999962	-0.766486	0.0175772	0.620628	
-0.999971	0.00311172	-0.00692336	0.00306133	0.999969	0.00727718	0.00694579	0.00725578	-0.99995	-0.766443	0.0175515	0.622544	
-0.999967	0.000652224	-0.00810373	0.000586027	0.999966	0.0081683	0.00810879	0.00816328	-0.999934	-0.766418	0.0174962	0.624497	
-0.999957	-9.07172e-05	-0.00928052	-0.000173053	0.999961	0.00887145	0.00927935	0.00887268	-0.999918	-0.766425	0.0174992	0.626432	
-0.999946	1.35623e-05	-0.0103812	-8.5875e-05	0.999954	0.0095781	0.0103808	0.00957847	-0.9999	-0.76642	0.0174985	0.628343	
-0.999934	-3.66503e-06	-0.0114458	-0.000121096	0.999947	0.010259	0.0114452	0.0102597	-0.999882	-0.76642	0.0174981	0.63021	
-0.999923	-3.54986e-06	-0.0124496	-0.000139382	0.99994	0.0109097	0.0124489	0.0109106	-0.999863	-0.76642	0.017498	0.632018	
-0.99991	-3.46005e-06	-0.013388	-0.000157804	0.999934	0.0115275	0.0133871	0.0115286	-0.999844	-0.76642	0.0174979	0.633758	
-0.999898	-3.43018e-06	-0.0142574	-0.000176102	0.999927	0.0121098	0.0142563	0.0121111	-0.999825	-0.76642	0.0174978	0.63542	
-0.9999	0.00291503	-0.0138271	0.00276292	0.999936	0.0110078	0.0138583	0.0109685	-0.999844	-0.766495	0.0178104	0.636435	
