-1	-2.26181e-07	8.57747e-06	2.26172e-07	-1	-1.0759e-06	8.57747e-06	-1.0759e-06	1	-0.78337	0.0193999	0.4812	
-1	-3.86746e-06	8.28955e-05	3.86662e-06	-1	-1.02105e-05	8.28955e-05	-1.02102e-05	1	-0.78337	0.0193963	0.482023	
-1	-6.63914e-06	0.00013942	6.63675e-06	-1	-1.71572e-05	0.00013942	-1.71563e-05	1	-0.78337	0.0193936	0.483941	
-1	-8.6973e-06	0.000181317	8.69325e-06	-1	-2.23063e-05	0.000181317	-2.23048e-05	1	-0.783369	0.0193916	0.486702	
-1	-1.01716e-05	0.000211235	1.01662e-05	-1	-2.59842e-05	0.000211236	-2.5982e-05	1	-0.783369	0.0193902	0.490098	
-1	-1.11702e-05	0.000231394	1.11636e-05	-1	-2.84631e-05	0.000231394	-2.84606e-05	1	-0.783368	0.0193892	0.493958	
-1	-1.17827e-05	0.000243643	1.17754e-05	-1	-2.99706e-05	0.000243644	-2.99677e-05	1	-0.783368	0.0193886	0.498143	
-1	-1.20843e-05	0.000249529	1.20766e-05	-1	-3.0696e-05	0.000249529	-3.06929e-05	1	-0.783368	0.0193883	0.502537	
-1	-1.21372e-05	0.000250337	1.21295e-05	-1	-3.07971e-05	0.000250337	-3.0794e-05	1	-0.783368	0.0193882	0.50705	
-1	-1.19933e-05	0.000247135	1.19858e-05	-1	-3.04051e-05	0.000247136	-3.04021e-05	1	-0.783369	0.0193882	0.511606	
-1	-1.16957e-05	0.00024081	1.16885e-05	-1	-2.96286e-05	0.000240811	-2.96258e-05	1	-0.783369	0.0193884	0.516147	
-1	-1.128e-05	0.000232095	1.12733e-05	-1	-2.85577e-05	0.000232095	-2.85551e-05	1	-0.78337	0.0193886	0.520624	
-1	-1.07757e-05	0.000221592	1.07696e-05	-1	-2.72665e-05	0.000221592	-2.72641e-05	1	-0.783371	0.019389	0.525002	
-1	-1.02071e-05	0.000209797	1.02017e-05	-1	-2.5816e-05	0.000209798	-2.58139e-05	1	-0.783372	0.0193894	0.529252	
-1	-9.5941e-06	0.000197117	9.58932e-06	-1	-2.42561e-05	0.000197117	-2.42542e-05	1	-0.783373	0.0193898	0.533354	
-1	-8.95293e-06	0.000183881	8.94877e-06	-1	-2.26274e-05	0.000183881	-2.26257e-05	1	-0.783375	0.0193903	0.537293	
-1	-8.29676e-06	0.000170356	8.29318e-06	-1	-2.09627e-05	0.000170356	-2.09613e-05	1	-0.783376	0.0193908	0.541058	
-1	-7.63616e-06	0.000156756	7.63314e-06	-1	-1.92886e-05	0.000156756	-1.92874e-05	1	-0.783377	0.0193913	0.544643	
-1	-6.9796e-06	0.000143251	6.97708e-06	-1	-1.76259e-05	0.000143251	-1.76249e-05	1	-0.783378	0.0193918	0.548045	
-1	-6.33374e-06	0.000129975	6.33166e-06	-1	-1.59914e-05	0.000129975	-1.59906e-05	1	-0.783379	0.0193923	0.551262	
-1	-5.70374e-06	0.000117032	5.70205e-06	-1	-1.43977e-05	0.000117033	-1.4397e-05	1	-0.78338	0.0193929	0.554297	
-1	-5.09355e-06	0.000104502	5.09221e-06	-1	-1.28547e-05	0.000104502	-1.28542e-05	1	-0.783381	0.0193934	0.557151	
-1	-4.50609e-06	9.2441e-05	4.50504e-06	-1	-1.13696e-05	9.24411e-05	-1.13691e-05	1	-0.783382	0.019394	0.559829	
-1	-3.94345e-06	8.08919e-05	3.94265e-06	-1	-9.94742e-06	8.0892e-05	-9.9471e-06	1	-0.783382	0.0193945	0.562336	
-1	-3.40703e-06	6.98821e-05	3.40643e-06	-1	-8.59171e-06	6.98821e-05	-8.59147e-06	1	-0.783383	0.019395	0.564677	
-1	-2.89767e-06	5.94278e-05	2.89724e-06	-1	-7.30448e-06	5.94278e-05	-7.3043e-06	1	-0.783383	0.0193955	0.566859	
-1	-2.41577e-06	4.95366e-05	2.41546e-06	-1	-6.08664e-06	4.95367e-05	-6.08652e-06	1	-0.783383	0.019396	0.568889	
-1	-1.96134e-06	4.02087e-05	1.96114e-06	-1	-4.93824e-06	4.02087e-05	-4.93816e-06	1	-0.783383	0.0193965	0.570772	
-0.999998	-0.00171194	0.000753719	0.00171232	-0.999998	0.000501148	0.000752859	0.000502437	1	-0.783456	0.0194075	0.57199	
-0.999966	-0.0076436	0.0029711	0.0076494	-0.999969	0.00194527	0.00295614	0.00196793	0.999994	-0.783692	0.0194037	0.571939	
-0.999896	-0.0135334	0.00497364	0.0135495	-0.999903	0.00321628	0.00492963	0.00328334	0.999982	-0.783919	0.0193909	0.571893	
-0.999792	-0.019243	0.00679315	0.0192729	-0.999805	0.00436417	0.00670784	0.00449419	0.999967	-0.784134	0.0193802	0.571852	
-0.999659	-0.024715	0.00844378	0.0247611	-0.999679	0.00539596	0.00830771	0.0056032	0.99995	-0.784336	0.0193712	0.571816	
-0.999505	-0.0298632	0.00994333	0.0299269	-0.999532	0.00632272	0.00974986	0.00661716	0.999931	-0.784524	0.0193654	0.571782	
-0.999366	-0.0337363	0.0113974	0.0338199	-0.999402	0.00722641	0.0111468	0.00760729	0.999909	-0.784683	0.0194011	0.571747	
-0.999262	-0.0362061	0.0128422	0.0363123	-0.999307	0.00813704	0.0125387	0.00859737	0.999884	-0.784807	0.0194857	0.571713	
-0.999193	-0.0375412	0.0142773	0.0376727	-0.999249	0.00905502	0.0139267	0.00958558	0.999857	-0.784898	0.0196108	0.57168	
-0.99915	-0.038133	0.0156859	0.0382921	-0.999217	0.00997125	0.0152933	0.0105634	0.999827	-0.784966	0.0197645	0.571631	
-0.999131	-0.0380246	0.0170771	0.0382138	-0.99921	0.0108907	0.0166495	0.0115339	0.999795	-0.785008	0.0199436	0.571576	
-0.999134	-0.0372998	0.0184592	0.0375216	-0.999226	0.0118168	0.0180042	0.0124991	0.99976	-0.78502	0.020145	0.571521	
-0.999152	-0.0360955	0.0198326	0.0363524	-0.999258	0.0127484	0.0193578	0.0134585	0.999722	-0.785004	0.0203639	0.571467	
-0.999179	-0.0345247	0.021198	0.0348192	-0.9993	0.0136845	0.0207107	0.0144114	0.999682	-0.784961	0.0205963	0.571412	
-0.999211	-0.0326808	0.022556	0.0330154	-0.999348	0.0146241	0.0220634	0.0153572	0.999639	-0.784893	0.0208389	0.571358	
-0.999245	-0.0306403	0.0239073	0.0310175	-0.999398	0.015566	0.0234159	0.0162958	0.999593	-0.784799	0.0210889	0.571304	
-0.999276	-0.0284661	0.0252524	0.0288881	-0.999446	0.0165093	0.0247685	0.0172269	0.999545	-0.784683	0.0213439	0.57125	
-0.999303	-0.0262089	0.0265921	0.0266783	-0.999492	0.017453	0.0261211	0.0181502	0.999494	-0.784544	0.021602	0.571195	
-0.999324	-0.02391	0.0279269	0.0244291	-0.999532	0.018396	0.027474	0.0190658	0.999441	-0.784385	0.0218614	0.571142	
-0.999338	-0.0216025	0.0292573	0.0221736	-0.999567	0.0193375	0.0288269	0.0199735	0.999385	-0.784206	0.0221209	0.571088	
-0.999346	-0.0193127	0.030584	0.0199381	-0.999596	0.0202768	0.03018	0.0208733	0.999327	-0.784009	0.0223794	0.571034	
-0.999345	-0.0170611	0.0319074	0.017743	-0.999618	0.0212131	0.0315332	0.0217653	0.999266	-0.783795	0.0226361	0.57098	
-0.999337	-0.0148637	0.0332278	0.0156044	-0.999633	0.0221457	0.0328865	0.0226495	0.999202	-0.783564	0.0228901	0.570927	
-0.999322	-0.0127326	0.0345458	0.0135343	-0.999642	0.0230741	0.0342397	0.023526	0.999137	-0.783319	0.0231409	0.570874	
-0.9993	-0.0106766	0.0358617	0.0115415	-0.999645	0.0239978	0.0355928	0.0243949	0.999069	-0.78306	0.0233882	0.57082	
-0.999271	-0.00870205	0.0371757	0.00963225	-0.999643	0.0249163	0.0369457	0.0252562	0.998998	-0.782787	0.0236317	0.570768	
-0.999236	-0.00681306	0.0384882	0.00781067	-0.999636	0.0258293	0.0382983	0.0261101	0.998925	-0.782503	0.023871	0.570715	
-0.999195	-0.005012	0.0397994	0.0060791	-0.999624	0.0267363	0.0396505	0.0269567	0.99885	-0.782207	0.0241061	0.570662	
-0.999149	-0.00329988	0.0411096	0.00443851	-0.999608	0.0276371	0.0410022	0.0277961	0.998772	-0.781901	0.0243368	0.57061	
-0.999099	-0.00167656	0.0424187	0.00288874	-0.999589	0.0285315	0.0423535	0.0286283	0.998692	-0.781585	0.0245632	0.570558	
-0.999044	-0.000141024	0.0437272	0.00142875	-0.999566	0.0294192	0.043704	0.0294535	0.99861	-0.781261	0.0247852	0.570506	
-0.998985	0.00130844	0.0450349	5.67786e-05	-0.999541	0.0303001	0.0450539	0.0302719	0.998526	-0.780928	0.0250029	0.570455	
-0.998922	0.00267409	0.0463422	-0.00122944	-0.999513	0.031174	0.046403	0.0310834	0.998439	-0.780588	0.0252163	0.570404	
-0.998856	0.00395856	0.0476489	-0.00243258	-0.999484	0.0320409	0.0477512	0.0318883	0.99835	-0.780241	0.0254255	0.570353	
-0.998788	0.0051648	0.0489553	-0.00355563	-0.999452	0.0329006	0.0490984	0.0326866	0.998259	-0.779888	0.0256307	0.570302	
-0.998716	0.00629596	0.0502613	-0.00460175	-0.99942	0.033753	0.0504446	0.0334784	0.998166	-0.779529	0.0258318	0.570252	
-0.998642	0.00735532	0.051567	-0.00557425	-0.999386	0.0345982	0.0517898	0.0342638	0.99807	-0.779165	0.0260292	0.570202	
-0.998566	0.00834622	0.0528724	-0.0064765	-0.999351	0.0354361	0.0531338	0.0350429	0.997972	-0.778797	0.0262228	0.570153	
-0.998488	0.00927203	0.0541775	-0.0073119	-0.999315	0.0362667	0.0544767	0.0358157	0.997873	-0.778424	0.0264128	0.570104	
-0.998408	0.0101361	0.0554823	-0.00808385	-0.999279	0.0370899	0.0558182	0.0365824	0.997771	-0.778048	0.0265993	0.570056	
-0.998326	0.0109418	0.0567867	-0.00879567	-0.999243	0.0379059	0.0571585	0.037343	0.997666	-0.777668	0.0267826	0.570008	
-0.998243	0.0116923	0.0580909	-0.00945064	-0.999206	0.0387146	0.0584974	0.0380976	0.99756	-0.777285	0.0269626	0.56996	
-0.998158	0.0123908	0.0593947	-0.0100519	-0.999168	0.039516	0.0598349	0.0388462	0.997452	-0.7769	0.0271396	0.569913	
-0.998071	0.0130403	0.0606981	-0.0106027	-0.999131	0.0403103	0.061171	0.0395889	0.997342	-0.776513	0.0273136	0.569866	
-0.997983	0.0136438	0.0620012	-0.0111058	-0.999093	0.0410973	0.0625057	0.0403258	0.99723	-0.776123	0.0274849	0.56982	
-0.997893	0.0142042	0.0633037	-0.0115641	-0.999056	0.0418772	0.0638388	0.0410569	0.997115	-0.775732	0.0276535	0.569774	
-0.997802	0.0147241	0.0646058	-0.0119805	-0.999018	0.0426501	0.0651704	0.0417823	0.996999	-0.775339	0.0278195	0.569729	
-0.99771	0.0152061	0.0659074	-0.0123575	-0.998981	0.0434159	0.0665004	0.042502	0.996881	-0.774945	0.027983	0.569685	
-0.997616	0.0156527	0.0672084	-0.0126975	-0.998943	0.0441747	0.0678288	0.043216	0.996761	-0.77455	0.0281442	0.569641	
-0.997521	0.0160663	0.0685087	-0.0130031	-0.998906	0.0449266	0.0691556	0.0439244	0.996638	-0.774155	0.0283031	0.569598	
-0.997425	0.0164487	0.0698065	-0.0132761	-0.998868	0.0456714	0.0704787	0.044627	0.996515	-0.773759	0.0284599	0.569555	
-0.997328	0.016802	0.0711002	-0.0135188	-0.998831	0.0464091	0.0717969	0.0453239	0.996389	-0.773364	0.0286144	0.569512	
-0.997229	0.0171282	0.0723898	-0.0137332	-0.998794	0.0471397	0.0731099	0.046015	0.996262	-0.772969	0.0287669	0.56947	
-0.99713	0.0174292	0.0736749	-0.0139211	-0.998757	0.0478633	0.0744176	0.0467003	0.996133	-0.772576	0.0289173	0.569428	
-0.99703	0.0177067	0.0749558	-0.0140845	-0.99872	0.0485799	0.0757201	0.0473799	0.996003	-0.772183	0.0290659	0.569387	
-0.996928	0.0179629	0.076235	-0.0142253	-0.998683	0.0492899	0.07702	0.048054	0.995871	-0.771791	0.0292127	0.569346	
-0.996851	0.0181854	0.0771805	-0.0143458	-0.998645	0.0500152	0.0779855	0.0487505	0.995762	-0.771429	0.0293602	0.569308	
-0.996879	0.0183314	0.0767914	-0.014449	-0.998604	0.0508115	0.0776156	0.0495433	0.995752	-0.771189	0.0295131	0.56928	
-0.996993	0.0184066	0.0752753	-0.0145361	-0.99856	0.0516464	0.0761175	0.0503969	0.995824	-0.771053	0.0296663	0.569262	
-0.99717	0.0184205	0.0728903	-0.0146086	-0.998515	0.0524885	0.0737489	0.0512751	0.995958	-0.770999	0.029815	0.569251	
-0.997388	0.0183814	0.0698504	-0.0146677	-0.99847	0.0533128	0.0707235	0.052149	0.996132	-0.77101	0.0299553	0.569246	
-0.99763	0.0182971	0.0663323	-0.0147146	-0.998427	0.0541	0.0672178	0.0529957	0.99633	-0.771069	0.0300842	0.569247	
-0.997881	0.0181747	0.0624812	-0.0147504	-0.998386	0.0548349	0.063377	0.0537971	0.996539	-0.771166	0.0301995	0.569252	
-0.99813	0.0180204	0.0584159	-0.0147758	-0.998349	0.0555065	0.0593197	0.0545395	0.996748	-0.77129	0.0302996	0.569259	
-0.998369	0.01784	0.0542327	-0.0147912	-0.998315	0.0561064	0.0551423	0.0552127	0.996951	-0.771433	0.0303832	0.56927	
-0.998593	0.0176384	0.0500094	-0.014797	-0.998286	0.0566289	0.0509225	0.0558093	0.997142	-0.771588	0.0304496	0.569282	
-0.998798	0.01742	0.0458077	-0.0147932	-0.998261	0.0570704	0.0467222	0.0563242	0.997319	-0.77175	0.0304984	0.569296	
-0.998983	0.0171887	0.0416764	-0.01478	-0.99824	0.0574288	0.0425902	0.0567544	0.997479	-0.771915	0.0305295	0.569312	
-0.999147	0.0169476	0.0376532	-0.0147573	-0.998225	0.0577035	0.0385643	0.0570986	0.997623	-0.772078	0.0305431	0.56933	
-0.99929	0.0166994	0.0337667	-0.0147251	-0.998214	0.0578949	0.0346732	0.0573566	0.997751	-0.772237	0.0305394	0.569348	
-0.999413	0.0164466	0.0300379	-0.0146834	-0.998208	0.0580045	0.0309381	0.0575294	0.997864	-0.772391	0.0305191	0.569368	
-0.999518	0.0161908	0.0264817	-0.014632	-0.998207	0.0580343	0.0273738	0.0576188	0.997963	-0.772537	0.0304826	0.569389	
-0.999606	0.0159338	0.0231076	-0.0145711	-0.998211	0.0579869	0.0239903	0.0576274	0.99805	-0.772674	0.0304308	0.569412	
-0.999679	0.0156768	0.0199214	-0.0145008	-0.998219	0.0578655	0.0207931	0.057558	0.998126	-0.772801	0.0303644	0.569436	
-0.999738	0.0154207	0.0169253	-0.014421	-0.998231	0.0576734	0.0177847	0.0574142	0.998192	-0.772918	0.0302843	0.569461	
-0.999785	0.0151662	0.0141188	-0.0143321	-0.998248	0.0574142	0.0149649	0.0571996	0.998251	-0.773023	0.0301913	0.569487	
-0.999823	0.0149141	0.0114995	-0.0142342	-0.998267	0.0570919	0.012331	0.056918	0.998303	-0.773118	0.0300865	0.569515	
-0.999851	0.0146646	0.00906311	-0.0141277	-0.998291	0.0567101	0.00987925	0.0565737	0.99835	-0.773201	0.0299706	0.569544	
-0.999873	0.0144182	0.00680427	-0.0140128	-0.998317	0.0562729	0.00760418	0.0561704	0.998392	-0.773273	0.0298446	0.569575	
-0.999888	0.0141749	0.00471663	-0.0138899	-0.998346	0.0557842	0.00549957	0.0557125	0.998432	-0.773334	0.0297095	0.569606	
-0.999899	0.0139349	0.00279318	-0.0137594	-0.998378	0.0552479	0.00355852	0.0552039	0.998469	-0.773384	0.0295662	0.569639	
-0.999906	0.0136984	0.00102644	-0.0136218	-0.998412	0.0546676	0.00177367	0.0546485	0.998504	-0.773424	0.0294154	0.569674	
-0.999909	0.0134652	-0.000591313	-0.0134774	-0.998447	0.0540472	0.000137359	0.0540502	0.998538	-0.773453	0.029258	0.56971	
-0.99991	0.0132353	-0.00206796	-0.0133268	-0.998485	0.05339	-0.0013582	0.0534128	0.998572	-0.773472	0.0290948	0.569747	
-0.99991	0.0130087	-0.0034114	-0.0131705	-0.998524	0.0526997	-0.00272081	0.0527398	0.998605	-0.773482	0.0289266	0.569785	
-0.999908	0.0127853	-0.00462945	-0.0130088	-0.998563	0.0519793	-0.00395823	0.0520347	0.998637	-0.773483	0.028754	0.569824	
-0.999905	0.0125651	-0.0057298	-0.0128423	-0.998604	0.0512321	-0.00507807	0.0513008	0.99867	-0.773475	0.0285778	0.569865	
-0.999901	0.0123478	-0.00671995	-0.0126714	-0.998646	0.0504609	-0.00608776	0.050541	0.998703	-0.773458	0.0283986	0.569907	
-0.999897	0.0121335	-0.00760714	-0.0124967	-0.998688	0.0496684	-0.0069945	0.0497584	0.998737	-0.773434	0.0282169	0.56995	
-0.999894	0.011922	-0.00839838	-0.0123185	-0.99873	0.0488574	-0.00780524	0.0489557	0.99877	-0.773402	0.0280333	0.569994	
-0.99989	0.0117132	-0.00910038	-0.0121372	-0.998772	0.0480302	-0.00852662	0.0481354	0.998804	-0.773363	0.0278483	0.570039	
-0.999887	0.011507	-0.00971955	-0.0119533	-0.998814	0.0471891	-0.00916502	0.0472999	0.998839	-0.773318	0.0276623	0.570085	
-0.999883	0.0113033	-0.010262	-0.0117672	-0.998857	0.0463361	-0.00972651	0.0464515	0.998873	-0.773266	0.0274758	0.570132	
-0.999881	0.0111021	-0.0107335	-0.0115793	-0.998898	0.0454732	-0.0102169	0.0455921	0.998908	-0.773209	0.027289	0.57018	
-0.999879	0.0109032	-0.0111396	-0.0113899	-0.99894	0.0446022	-0.0106415	0.0447237	0.998943	-0.773146	0.0271024	0.570229	
-0.999877	0.0107066	-0.0114855	-0.0111992	-0.998981	0.0437247	-0.0110057	0.043848	0.998978	-0.773078	0.0269163	0.57028	
-0.999875	0.0105121	-0.0117761	-0.0110077	-0.999021	0.0428423	-0.0113142	0.0429666	0.999012	-0.773006	0.0267308	0.570331	
-0.999875	0.0103199	-0.0120159	-0.0108157	-0.999061	0.0419562	-0.0115716	0.0420809	0.999047	-0.772929	0.0265463	0.570383	
-0.999874	0.0101296	-0.0122094	-0.0106233	-0.9991	0.0410677	-0.0117824	0.0411923	0.999082	-0.772848	0.0263629	0.570436	
-0.999874	0.00994144	-0.0123605	-0.0104308	-0.999138	0.040178	-0.0119504	0.0403019	0.999116	-0.772764	0.0261808	0.57049	
-0.999875	0.0097552	-0.0124731	-0.0102385	-0.999175	0.0392881	-0.0120795	0.0394109	0.99915	-0.772676	0.0260001	0.570545	
-0.999875	0.00957087	-0.0125507	-0.0100465	-0.999212	0.0383988	-0.0121733	0.0385201	0.999184	-0.772585	0.025821	0.570601	
-0.999877	0.00938841	-0.0125968	-0.00985508	-0.999248	0.037511	-0.0122351	0.0376305	0.999217	-0.772491	0.0256436	0.570657	
-0.999878	0.00920778	-0.0126143	-0.00966435	-0.999282	0.0366254	-0.012268	0.0367428	0.999249	-0.772395	0.025468	0.570715	
-0.99988	0.00902893	-0.0126062	-0.00947447	-0.999316	0.0357426	-0.0122749	0.0358578	0.999282	-0.772297	0.0252941	0.570773	
-0.999882	0.00885183	-0.0125752	-0.00928558	-0.999349	0.0348632	-0.0122584	0.0349759	0.999313	-0.772197	0.0251222	0.570833	
-0.999884	0.00867645	-0.0125237	-0.00909779	-0.999381	0.0339877	-0.0122211	0.0340977	0.999344	-0.772095	0.0249521	0.570893	
-0.999886	0.00850275	-0.0124542	-0.0089112	-0.999412	0.0331165	-0.0121653	0.0332238	0.999374	-0.771991	0.0247839	0.570954	
-0.999889	0.00833071	-0.0123687	-0.00872592	-0.999442	0.03225	-0.0120931	0.0323544	0.999403	-0.771886	0.0246177	0.571016	
-0.999891	0.00816029	-0.0122693	-0.00854201	-0.999471	0.0313885	-0.0120067	0.0314899	0.999432	-0.77178	0.0244533	0.571079	
-0.999894	0.00799147	-0.0121579	-0.00835955	-0.999499	0.0305321	-0.0119078	0.0306305	0.99946	-0.771673	0.0242909	0.571143	
-0.999897	0.00782421	-0.012036	-0.00817859	-0.999526	0.0296812	-0.0117981	0.0297766	0.999487	-0.771565	0.0241303	0.571207	
-0.9999	0.00765851	-0.0119055	-0.00799919	-0.999552	0.0288359	-0.0116793	0.0289283	0.999513	-0.771457	0.0239716	0.571273	
-0.999903	0.00749432	-0.0117676	-0.00782137	-0.999577	0.0279963	-0.0115528	0.0280856	0.999539	-0.771348	0.0238147	0.57134	
-0.999906	0.00733163	-0.0116237	-0.00764517	-0.999602	0.0271626	-0.0114199	0.0272489	0.999563	-0.771239	0.0236595	0.571407	
-0.999908	0.00717042	-0.0114752	-0.00747061	-0.999625	0.0263347	-0.011282	0.026418	0.999587	-0.771129	0.0235061	0.571475	
-0.999911	0.00701065	-0.011323	-0.00729771	-0.999648	0.0255127	-0.0111402	0.0255931	0.99961	-0.77102	0.0233543	0.571544	
-0.999913	0.00691196	-0.011194	-0.00718696	-0.999669	0.0247152	-0.0110195	0.0247935	0.999632	-0.77092	0.0232084	0.571609	
-0.99991	0.00728023	-0.0112385	-0.00754958	-0.999681	0.0241134	-0.0110593	0.0241961	0.999646	-0.770896	0.0231057	0.571622	
-0.999909	0.00753169	-0.0112097	-0.00779376	-0.999693	0.0235223	-0.0110291	0.0236076	0.99966	-0.770856	0.0230038	0.571635	
-0.999909	0.00768719	-0.011122	-0.0079408	-0.999705	0.0229414	-0.0109423	0.0230276	0.999675	-0.770802	0.0229026	0.57165	
-0.999909	0.00779875	-0.011003	-0.00804354	-0.999717	0.022381	-0.0108254	0.0224675	0.999689	-0.770743	0.0228048	0.571662	
-0.99991	0.00786437	-0.0108533	-0.00809999	-0.999729	0.0218389	-0.0106786	0.0219249	0.999703	-0.770679	0.0227098	0.571673	
-0.999912	0.00788536	-0.0106756	-0.00811155	-0.99974	0.0213123	-0.0105048	0.021397	0.999716	-0.77061	0.0226172	0.571683	
-0.999914	0.0078688	-0.0104751	-0.00808542	-0.999751	0.0208002	-0.0103088	0.0208832	0.999729	-0.770536	0.0225269	0.571693	
-0.999917	0.00782083	-0.0102561	-0.00802785	-0.999762	0.0203022	-0.0100949	0.0203829	0.999741	-0.770459	0.0224388	0.571701	
-0.99992	0.00774677	-0.0100225	-0.00794427	-0.999772	0.0198175	-0.00986673	0.0198955	0.999753	-0.770379	0.0223528	0.571709	
-0.999923	0.00765125	-0.00977764	-0.00783934	-0.999782	0.0193455	-0.00962749	0.0194207	0.999765	-0.770298	0.022269	0.571717	
-0.999926	0.00753824	-0.00952426	-0.00771711	-0.999792	0.0188857	-0.00937992	0.0189578	0.999776	-0.770215	0.0221873	0.571724	
-0.99993	0.00741118	-0.00926485	-0.00758106	-0.999801	0.0184374	-0.00912636	0.0185064	0.999787	-0.770131	0.0221075	0.57173	
-0.999933	0.00727302	-0.00900147	-0.00743417	-0.99981	0.0180004	-0.00886884	0.0180661	0.999797	-0.770046	0.0220298	0.571737	
-0.999936	0.0071263	-0.00873591	-0.007279	-0.999819	0.0175741	-0.00860909	0.0176366	0.999807	-0.769962	0.0219539	0.571742	
-0.99994	0.00697319	-0.00846967	-0.00711774	-0.999827	0.0171581	-0.00834856	0.0172173	0.999817	-0.769878	0.02188	0.571748	
-0.999943	0.00681553	-0.00820405	-0.00695224	-0.999836	0.016752	-0.00808853	0.0168081	0.999826	-0.769794	0.0218078	0.571753	
-0.999946	0.00665489	-0.00794012	-0.00678407	-0.999843	0.0163555	-0.00783004	0.0164085	0.999835	-0.769711	0.0217374	0.571758	
-0.999949	0.00649259	-0.0076788	-0.00661458	-0.999851	0.0159683	-0.00757398	0.0160183	0.999843	-0.769628	0.0216688	0.571763	
-0.999952	0.00632977	-0.00742084	-0.00644486	-0.999858	0.0155901	-0.0073211	0.0156371	0.999851	-0.769547	0.0216017	0.571768	
-0.999955	0.00616734	-0.00716687	-0.00627587	-0.999864	0.0152205	-0.00707203	0.0152648	0.999858	-0.769467	0.0215363	0.571772	
-0.999958	0.00600609	-0.0069174	-0.00610835	-0.999871	0.0148594	-0.00682726	0.014901	0.999866	-0.769388	0.0214725	0.571776	
-0.999961	0.00584665	-0.00667286	-0.00594296	-0.999877	0.0145064	-0.00658722	0.0145455	0.999873	-0.769311	0.0214102	0.571781	
-0.999963	0.00568955	-0.00643356	-0.0057802	-0.999883	0.0141615	-0.00635223	0.0141981	0.999879	-0.769235	0.0213493	0.571785	
-0.999965	0.0055352	-0.00619977	-0.00562049	-0.999889	0.0138242	-0.00612256	0.0138586	0.999885	-0.769161	0.0212899	0.571788	
-0.999968	0.00538395	-0.00597168	-0.00546414	-0.999894	0.0134946	-0.0058984	0.0135268	0.999891	-0.769088	0.0212319	0.571792	
-0.99997	0.00523605	-0.00574944	-0.00531142	-0.999899	0.0131722	-0.00567989	0.0132024	0.999897	-0.769016	0.0211752	0.571796	
-0.999972	0.0050917	-0.00553313	-0.0051625	-0.999904	0.0128571	-0.00546713	0.0128853	0.999902	-0.768947	0.0211198	0.571799	
-0.999974	0.00495104	-0.00532281	-0.00501751	-0.999909	0.012549	-0.00526019	0.0125754	0.999907	-0.768879	0.0210657	0.571803	
-0.999975	0.00481415	-0.00511849	-0.00487655	-0.999913	0.0122478	-0.00505909	0.0122724	0.999912	-0.768812	0.0210128	0.571806	
-0.999977	0.00468111	-0.00492018	-0.00473964	-0.999917	0.0119532	-0.00486382	0.0119762	0.999916	-0.768748	0.0209611	0.57181	
-0.999978	0.00455192	-0.00472782	-0.00460681	-0.999921	0.0116652	-0.00467435	0.0116867	0.999921	-0.768685	0.0209105	0.571813	
-0.99998	0.00442659	-0.00454138	-0.00447805	-0.999925	0.0113836	-0.00449065	0.0114037	0.999925	-0.768623	0.0208611	0.571816	
-0.999981	0.00430509	-0.00436077	-0.00435331	-0.999929	0.0111083	-0.00431263	0.0111271	0.999929	-0.768563	0.0208127	0.571819	
-0.999982	0.00418737	-0.0041859	-0.00423254	-0.999932	0.0108391	-0.00414023	0.0108567	0.999932	-0.768505	0.0207654	0.571822	
-0.999984	0.00407337	-0.00401669	-0.00411566	-0.999936	0.010576	-0.00397335	0.0105923	0.999936	-0.768449	0.0207191	0.571825	
-0.999985	0.00396302	-0.00385302	-0.0040026	-0.999939	0.0103187	-0.00381189	0.010334	0.999939	-0.768394	0.0206738	0.571828	
-0.999986	0.00385623	-0.00369477	-0.00389326	-0.999942	0.0100672	-0.00365573	0.0100815	0.999942	-0.76834	0.0206294	0.571831	
-0.999987	0.00375292	-0.00354182	-0.00378755	-0.999945	0.00982141	-0.00350477	0.0098347	0.999945	-0.768289	0.020586	0.571834	
-0.999988	0.00365298	-0.00339405	-0.00368535	-0.999947	0.00958113	-0.00335887	0.00959352	0.999948	-0.768238	0.0205435	0.571837	
-0.999988	0.00355631	-0.00325133	-0.00358656	-0.99995	0.00934629	-0.00321793	0.00935784	0.999951	-0.768189	0.0205019	0.57184	
-0.999989	0.00346282	-0.00311352	-0.00349108	-0.999952	0.00911677	-0.0030818	0.00912754	0.999954	-0.768142	0.0204612	0.571843	
-0.99999	0.00337239	-0.00298049	-0.00339878	-0.999955	0.00889247	-0.00295036	0.00890251	0.999956	-0.768096	0.0204212	0.571845	
-0.999991	0.00328493	-0.0028521	-0.00330955	-0.999957	0.00867329	-0.00282349	0.00868264	0.999958	-0.768051	0.0203822	0.571848	
-0.999991	0.00320032	-0.00272823	-0.00322329	-0.999959	0.00845912	-0.00270105	0.00846784	0.99996	-0.768008	0.0203439	0.571851	
-0.999992	0.00311846	-0.00260875	-0.00313989	-0.999961	0.00824986	-0.00258292	0.00825798	0.999963	-0.767966	0.0203063	0.571853	
-0.999992	0.00303926	-0.0024935	-0.00305923	-0.999963	0.00804542	-0.00246896	0.00805298	0.999965	-0.767925	0.0202696	0.571856	
-0.999993	0.0029626	-0.00238238	-0.00298121	-0.999965	0.0078457	-0.00235905	0.00785274	0.999966	-0.767886	0.0202336	0.571859	
-0.999993	0.00288839	-0.00227524	-0.00290572	-0.999967	0.0076506	-0.00225307	0.00765716	0.999968	-0.767848	0.0201983	0.571861	
-0.999994	0.00281654	-0.00217197	-0.00283267	-0.999968	0.00746003	-0.00215089	0.00746613	0.99997	-0.767811	0.0201637	0.571864	
-0.999994	0.00274695	-0.00207244	-0.00276196	-0.99997	0.0072739	-0.0020524	0.00727958	0.999971	-0.767775	0.0201298	0.571866	
-0.999994	0.00267876	-0.00197616	-0.00269272	-0.999971	0.0070919	-0.0019571	0.00709719	0.999973	-0.767741	0.0200965	0.571868	
-0.999995	0.00260336	-0.00187914	-0.00261629	-0.999973	0.0069112	-0.0018611	0.00691608	0.999974	-0.767706	0.0200632	0.571872	
-0.999995	0.00252045	-0.00178166	-0.00253239	-0.999974	0.00673077	-0.00176465	0.00673525	0.999976	-0.76767	0.0200297	0.571876	
-0.999996	0.00243219	-0.00168506	-0.00244318	-0.999976	0.0065504	-0.00166909	0.00655448	0.999977	-0.767634	0.019996	0.571881	
-0.999996	0.00234036	-0.00159043	-0.00235045	-0.999977	0.0063699	-0.00157549	0.00637361	0.999978	-0.767598	0.0199621	0.571888	
-0.999996	0.0022464	-0.00149863	-0.00225564	-0.999978	0.00618911	-0.00148469	0.00619247	0.99998	-0.767562	0.0199279	0.571895	
-0.999997	0.00215146	-0.00141032	-0.0021599	-0.99998	0.00600788	-0.00139736	0.0060109	0.999981	-0.767527	0.0198935	0.571904	
-0.999997	0.00205646	-0.00132602	-0.00206415	-0.999981	0.00582604	-0.00131402	0.00582876	0.999982	-0.767492	0.0198589	0.571914	
-0.999997	0.00196214	-0.00124614	-0.00196914	-0.999982	0.00564349	-0.00123504	0.00564593	0.999983	-0.767457	0.019824	0.571924	
-0.999998	0.00186906	-0.00117094	-0.00187542	-0.999983	0.00546008	-0.00116071	0.00546227	0.999984	-0.767424	0.0197887	0.571936	
-0.999998	0.00177765	-0.00110064	-0.00178343	-0.999984	0.00527572	-0.00109124	0.00527767	0.999985	-0.767391	0.0197532	0.571949	
-0.999998	0.00168824	-0.00103537	-0.00169349	-0.999986	0.00509029	-0.00102676	0.00509203	0.999987	-0.767358	0.0197174	0.571962	
-0.999998	0.00160107	-0.000975204	-0.00160583	-0.999987	0.00490369	-0.00096734	0.00490525	0.999988	-0.767327	0.0196813	0.571977	
-0.999998	0.00151629	-0.000920179	-0.00152062	-0.999988	0.00471584	-0.000913017	0.00471723	0.999988	-0.767296	0.0196448	0.571993	
-0.999999	0.00143401	-0.00087029	-0.00143793	-0.999989	0.00452665	-0.000863789	0.00452789	0.999989	-0.767266	0.019608	0.57201	
-0.999999	0.00135426	-0.000825505	-0.00135783	-0.99999	0.00433603	-0.000819625	0.00433715	0.99999	-0.767236	0.0195708	0.572028	
-0.999999	0.00127707	-0.000785771	-0.00128031	-0.999991	0.00414391	-0.000780471	0.00414492	0.999991	-0.767208	0.0195333	0.572047	
-0.999999	0.00120241	-0.000751016	-0.00120536	-0.999991	0.00395022	-0.000746259	0.00395112	0.999992	-0.76718	0.0194953	0.572068	
-0.999999	0.00105254	-0.000715187	-0.00105526	-0.999992	0.00380776	-0.000711173	0.00380851	0.999992	-0.767159	0.0194683	0.572079	
-0.999999	0.000823344	-0.000668964	-0.00082584	-0.999993	0.00373887	-0.000665881	0.00373942	0.999993	-0.767147	0.0194566	0.572077	
-1	0.000638723	-0.000621138	-0.000640993	-0.999993	0.00366056	-0.000618795	0.00366096	0.999993	-0.767134	0.0194426	0.572076	
-1	0.000491047	-0.000572806	-0.000493091	-0.999993	0.00357415	-0.000571047	0.00357443	0.999993	-0.767119	0.0194266	0.572076	
-1	0.000361024	-0.00052373	-0.000362849	-0.999994	0.00348987	-0.000522466	0.00349006	0.999994	-0.767104	0.0194108	0.572076	
-1	0.00024961	-0.000474283	-0.000251224	-0.999994	0.00340632	-0.00047343	0.00340644	0.999994	-0.76709	0.019395	0.572075	
-1	0.000156121	-0.000425109	-0.000157532	-0.999994	0.00332233	-0.000424588	0.0033224	0.999994	-0.767075	0.0193789	0.572074	
-1	7.91402e-05	-0.000376684	-8.03593e-05	-0.999995	0.00323749	-0.000376426	0.00323752	0.999995	-0.767061	0.0193624	0.572073	
-1	4.52822e-06	-0.000392588	-5.71352e-06	-0.999995	0.00301922	-0.000392573	0.00301923	0.999995	-0.767038	0.0193194	0.572144	
-1	-0.000185993	-0.00089035	0.00018438	-0.999998	0.00181137	-0.000890685	0.0018112	0.999998	-0.766958	0.0190805	0.572758	
-0.999998	-0.000484149	-0.00183497	0.000484721	-1	-0.000311197	-0.00183482	-0.000312086	0.999998	-0.766825	0.0186594	0.57388	
-0.999995	-0.000859123	-0.00311364	0.00086882	-0.999995	-0.00311409	-0.00311095	-0.00311678	0.99999	-0.766653	0.0181002	0.575385	
-0.999991	0.000976233	-0.0042385	-0.000953627	-0.999985	-0.00533242	-0.00424364	-0.00532833	0.999977	-0.766474	0.0177167	0.577079	
-0.999981	0.00370419	-0.00493547	-0.0036755	-0.999976	-0.00580893	-0.00495687	-0.00579068	0.999971	-0.766354	0.0177965	0.57879	
-0.999974	0.0042584	-0.00585057	-0.0042205	-0.99997	-0.00647588	-0.00587797	-0.00645102	0.999962	-0.766251	0.0178353	0.58063	
-0.999971	0.00311172	-0.00692336	-0.00306133	-0.999969	-0.00727718	-0.00694579	-0.00725578	0.99995	-0.766165	0.0178417	0.582546	
-0.999967	0.000652224	-0.00810373	-0.000586027	-0.999966	-0.0081683	-0.00810879	-0.00816328	0.999934	-0.766094	0.0178228	0.5845	
-0.999957	-9.07172e-05	-0.00928052	0.000173053	-0.999961	-0.00887145	-0.00927935	-0.00887268	0.999918	-0.766053	0.0178541	0.586435	
-0.999946	1.35623e-05	-0.0103812	8.5875e-05	-0.999954	-0.0095781	-0.0103808	-0.00957847	0.9999	-0.766005	0.0178817	0.588347	
-0.999934	-3.66503e-06	-0.0114458	0.000121096	-0.999947	-0.010259	-0.0114452	-0.0102597	0.999882	-0.765963	0.0179084	0.590214	
-0.999923	-3.54986e-06	-0.0124496	0.000139382	-0.99994	-0.0109097	-0.0124489	-0.0109106	0.999863	-0.765923	0.0179344	0.592024	
-0.99991	-3.46005e-06	-0.013388	0.000157804	-0.999934	-0.0115275	-0.0133871	-0.0115286	0.999844	-0.765885	0.017959	0.593764	
-0.999898	-3.43018e-06	-0.0142574	0.000176102	-0.999927	-0.0121098	-0.0142563	-0.0121111	0.999825	-0.76585	0.0179822	0.595427	
-0.9999	0.00291503	-0.0138271	-0.00276292	-0.999936	-0.0110078	-0.0138583	-0.0109685	0.999844	-0.76594	0.0182492	0.596441	
